[[2359 2359 2359 2359 2359 2359 2359 2359 2359 2359 2359 2359 2359 2359 2359 2359 2359 2359 2359 2359 2359 2359 2359 2359 2359 2359 2359 2359 2359 2359 2359 2359 2359 2359 2359 2359 2359 2359 2359 2359 2359 2359 2359 2359 2359 2359 2359 2359 2359 2359 2359 2359 2359 2359 2359 2359 2359 2359 2359 2359 2359 2359 2359 2359 2359 2359 2359 2359 2359 2359 2359 2359 2359 2359 2359 2359 2359 2359 2359]
 [2359 2359 2359 2359 2359 2359 2359 2359 2359 2359 2359 2359 2359 2359 2359 2359 2359 2359 2359 2359 2359 2359 2359 2359 2359 2359 2359 2359 2359 2359 2359 2359 2359 2359 2359 2359 2359 2359 2359 2359 2359 2359 2359 2359 2359 2359 2359 2359 2359 2359 2359 2359 2359 2359 2359 2359 2359 2359 2359 2359 2359 2359 2359 2359 2359 2359 2359 2359 2359 2359 2359 2359 2359 2359 2359 2359 2359 2359 2359]
 [2359 2359 2359 2359 2359 2359 2359 2359 2359 2359 2359 2359 2359 2359 2359 2359 2359 2359 2359 2359 2359 2359 2359 2359 2359 2359 2359 2359 2359 2359 2359 2359 2359 2359 2359 2359 2359 2359 2359 2359 2359 2359 2359 2359 2359 2359 2359 2359 2359 2359 2359 2359 2359 2359 2359 2359 2359 2359 2359 2359 2359 2359 2359 2359 2359 2359 2359 2359 2359 2359 2359 2359 2359 2359 2359 2359 2359 2359 2359]
 [2359 2359 2359 2359 2359 2359 2359 2359 2359 2359 2359 2359 2359 2359 2359 2359 2359 2359 2359 2359 2359 2359 2359 2359 2359 2359 2359 2359 2359 2359 2359 2359 2359 2359 2359 2359 2359 2359 2359 2359 2359 2359 2359 2359 2359 2359 2359 2359 2359 2359 2359 2359 2359 2359 2359 2359 2359 2359 2359 2359 2359 2359 2359 2359 2359 2359 2359 2359 2359 2359 2359 2359 2359 2359 2359 2359 2359 2359 2359]
 [2359 2359 2359 2359 2359 2359 2359 2359 2359 2359 2359 2359 2359 2359 2359 2359 2359 2359 2359 2359 2359 2359 2359 2359 2359 2359 2359 2359 2359 2359 2359 2359 2359 2359 2359 2359 2359 2359 2359 2359 2359 2359 2359 2359 2359 2359 2359 2359 2359 2359 2359 2359 2359 2359 2359 2359 2359 2359 2359 2359 2359 2359 2359 2359 2359 2359 2359 2359 2359 2359 2359 2359 2359 2359 2359 2359 2359 2359 2359]
 [2359 2359 2359 2359 2359 2359 2359 2359 2359 2359 2359 2359 2359 2359 2359 2359 2359 2359 2359 2359 2359 2359 2359 2359 2359 2359 2359 2359 2359 2359 2359 2359 2359 2359 2359 2359 2359 2359 2359 2359 2359 2359 2359 2359 2359 2359 2359 2359 2359 2359 2359 2359 2359 2359 2359 2359 2359 2359 2359 2359 2359 2359 2359 2359 2359 2359 2359 2359 2359 2359 2359 2359 2359 2359 2359 2359 2359 2359 2359]
 [2359 2359 2359 2359 2359 2359 2359 2359 2359 2359 2359 2359 2359 2359 2359 2359 2359 2359 2359 2359 2359 2359 2359 2359 2359 2359 2359 2359 2359 2359 2359 2359 2359 2359 2359 2359 2359 2359 2359 2359 2359 2359 2359 2359 2359 2359 2359 2359 2359 2359 2359 2359 2359 2359 2359 2359 2359 2359 2359 2359 2359 2359 2359 2359 2359 2359 2359 2359 2359 2359 2359 2359 2359 2359 2359 2359 2359 2359 2359]
 [2359 2359 2359 2359 2359 2359 2359 2359 2359 2359 2359 2359 2359 2359 2359 2359 2359 2359 2359 2359 2359 2359 2359 2359 2359 2359 2359 2359 2359 2378 2378 2378 2378 2378 2378 2378 2378 2378 2378 2378 2378 2378 2359 2359 2359 2359 2359 2359 2359 2359 2359 2359 2359 2359 2359 2359 2359 2359 2359 2359 2359 2359 2359 2359 2359 2359 2359 2359 2359 2359 2359 2359 2359 2359 2359 2359 2359 2359 2359]
 [2359 2359 2359 2359 2359 2359 2359 2359 2359 2359 2359 2359 2359 2359 2359 2359 2359 2359 2359 2359 2359 2359 2359 2359 2359 2359 2378 2359 2353 2359 2359 2378 2378 2378 2378 2378 2378 2378 2378 2378 2378 2353 2359 2359 2359 2359 2359 2359 2359 2359 2359 2359 2359 2359 2359 2359 2359 2359 2359 2359 2359 2359 2359 2359 2359 2359 2359 2359 2359 2359 2359 2359 2359 2359 2359 2359 2359 2359 2359]
 [2359 2359 2359 2359 2359 2359 2359 2359 2359 2359 2359 2359 2359 2359 2359 2359 2359 2359 2359 2359 2359 2359 2359 2359 2359 2359 2378 2378 2378 2359 2359 2359 2359 2378 2378 2378 2378 2378 2378 2378  155 2378 2359 2359 2400 2359 2359 2359 2359 2359 2359 2359 2359 2359 2359 2359 2359 2359 2359 2359 2359 2359 2359 2359 2359 2359 2359 2359 2359 2359 2359 2359 2359 2359 2359 2359 2359 2359 2359]
 [2359 2359 2359 2359 2359 2359 2359 2359 2359 2359 2359 2359 2359 2359 2359 2359 2359 2359 2359 2359 2359 2359 2359 2359 2359 2359 2378 2378 2378 2378 2378 2378 2359  115 2378 2378 2378 2378 2378 2378 2378 2353 2359 2378 2400 2359 2359 2359 2359 2359 2359 2359 2359 2359 2359 2359 2359 2359 2359 2359 2359 2359 2359 2359 2359 2359 2359 2359 2359 2359 2359 2359 2359 2359 2359 2359 2359 2359 2359]
 [2359 2359 2359 2359 2359 2359 2359 2359 2359 2359 2359 2359 2359 2359 2359 2359 2359 2359 2359 2359 2359 2359 2359 2359 2359 2359 2378 2378 2378 2378 2378 2378  115 2378 2378 2378 2378 2378 2378 2378 2378 2378 2378 2378 2400 2359 2359 2359 2359 2359 2359 2359 2359 2359 2359 2359 2359 2359 2359 2359 2359 2359 2359 2359 2359 2359 2359 2359 2359 2359 2359 2359 2359 2359 2359 2359 2359 2359 2359]
 [2359 2359 2359 2359 2359 2359 2359 2359 2359 2359 2359 2359 2359 2359 2359 2359 2359 2359 2359 2359 2359 2359 2359 2359 2359 2359 2378 2378 2378 2378 2378 2378 2378 2378 2378 2378 2378  337 2378 2378 2378 2378 2378 2378 2400 2359 2359 2359 2359 2359 2359 2359 2359 2359 2359 2359 2359 2359 2359 2359 2359 2359 2359 2359 2359 2359 2359 2359 2359 2359 2359 2359 2359 2359 2359 2359 2359 2359 2359]
 [2359 2359 2359 2359 2359 2359 2359 2359 2359 2359 2359 2359 2359 2359 2359 2359 2359 2359 2359 2359 2359 2359 2359 2359 2359 2359 2378 2378 2378 2378 2378 2378 2378 2378 2378 2378 2378  115 2378 2378 2378 2378 2378 2378 2400 2359 2359 2359 2359 2359 2359 2359 2359 2359 2359 2359 2359 2359 2359 2359 2359 2359 2359 2359 2359 2359 2359 2359 2359 2359 2359 2359 2359 2359 2359 2359 2359 2359 2359]
 [2359 2359 2359 2359 2359 2359 2359 2359 2359 2359 2359 2359 2359 2359 2359 2359 2359 2359 2359 2359 2359 2359 2359 2359 2359 2359 2359 2359 2359 2359 2359 2359 2359 2359 2359 2359 2359 2359 2359 2359 2359 2359 2359 2359 2359 2359 2359 2359 2359 2359 2359 2359 2359 2359 2359 2359 2359 2359 2359 2359 2359 2359 2359 2359 2359 2359 2359 2359 2359 2359 2359 2359 2359 2359 2359 2359 2359 2359 2359]
 [2359 2359 2359 2359 2359 2359 2359 2359 2359 2359 2359 2359 2359 2359 2359 2359 2359 2359 2359 2359 2359 2359 2359 2359 2359 2359 2359 2359 2359 2359 2359 2359 2359 2359 2359 2359 2359 2359 2359 2359 2359 2359 2359 2359 2359 2359 2359 2359 2359 2359 2359 2359 2359 2359 2359 2359 2359 2359 2359 2359 2359 2359 2359 2359 2359 2359 2359 2359 2359 2359 2359 2359 2359 2359 2359 2359 2359 2359 2359]
 [2359 2359 2359 2359 2359 2359 2359 2359 2359 2359 2359 2359 2359 2359 2359 2359 2359 2359 2359 2359 2359 2359 2359 2359 2359 2359 2359 2359 2359 2359 2359 2359 2359 2359 2359 2359 2359 2359 2359 2359 2359 2359 2359 2359 2359 2359 2359 2359 2359 2359 2359 2359 2359 2359 2359 2359 2359 2359 2359 2359 2359 2359 2359 2359 2359 2359 2359 2359 2359 2359 2359 2359 2359 2359 2359 2359 2359 2359 2359]
 [2359 2359 2359 2359 2359 2359 2359 2359 2359 2359 2359 2359 2359 2359 2359 2359 2359 2359 2359 2359 2359 2359 2359 2359 2359 2359 2359 2359 2359 2359 2359 2359 2359 2359 2359 2359 2359 2359 2359 2359 2359 2359 2359 2359 2359 2359 2359 2359 2359 2359 2359 2359 2359 2359 2359 2359 2359 2359 2359 2359 2359 2359 2359 2359 2359 2359 2359 2359 2359 2359 2359 2359 2359 2359 2359 2359 2359 2359 2359]
 [2359 2359 2359 2359 2359 2359 2359 2359 2359 2359 2359 2359 2359 2359 2359 2359 2359 2359 2359 2359 2359 2359 2359 2359 2359 2359 2359 2359 2359 2359 2359 2359 2359 2359 2359 2359 2359 2359 2359 2359 2359 2359 2359 2359 2359 2359 2359 2359 2359 2359 2359 2359 2359 2359 2359 2359 2359 2359 2359 2359 2359 2359 2359 2359 2359 2359 2359 2359 2359 2359 2359 2359 2359 2359 2359 2359 2359 2359 2359]
 [2359 2359 2359 2359 2359 2359 2359 2359 2359 2359 2359 2359 2359 2359 2359 2359 2359 2359 2359 2359 2359 2359 2359 2359 2359 2359 2359 2359 2359 2359 2359 2359 2359 2359 2359 2359 2359 2359 2359 2359 2359 2359 2359 2359 2359 2359 2359 2359 2359 2359 2359 2359 2359 2359 2359 2359 2359 2359 2359 2359 2359 2359 2359 2359 2359 2359 2359 2359 2359 2359 2359 2359 2359 2359 2359 2359 2359 2359 2359]
 [2359 2359 2359 2359 2359 2359 2359 2359 2359 2359 2359 2359 2359 2359 2359 2359 2359 2359 2359 2359 2359 2359 2359 2359 2359 2359 2359 2359 2359 2359 2359 2359 2359 2359 2359 2359 2359 2359 2359 2359 2359 2359 2359 2359 2359 2359 2359 2359 2359 2359 2359 2359 2359 2359 2359 2359 2359 2359 2359 2359 2359 2359 2359 2359 2359 2359 2359 2359 2359 2359 2359 2359 2359 2359 2359 2359 2359 2359 2359]]

[[2359 2359 2359 2359 2359 2359 2359 2359 2359 2359 2359 2359 2359 2359 2359 2359 2359 2359 2359 2359 2359 2359 2359 2359 2359 2359 2359 2359 2359 2359 2359 2359 2359 2359 2359 2359 2359 2359 2359 2359 2359 2359 2359 2359 2359 2359 2359 2359 2359 2359 2359 2359 2359 2359 2359 2359 2359 2359 2359 2359 2359 2359 2359 2359 2359 2359 2359 2359 2359 2359 2359 2359 2359 2359 2359 2359 2359 2359 2359]
 [2359 2359 2359 2359 2359 2359 2359 2359 2359 2359 2359 2359 2359 2359 2359 2359 2359 2359 2359 2359 2359 2359 2359 2359 2359 2359 2359 2359 2359 2359 2359 2359 2359 2359 2359 2359 2359 2359 2359 2359 2359 2359 2359 2359 2359 2359 2359 2359 2359 2359 2359 2359 2359 2359 2359 2359 2359 2359 2359 2359 2359 2359 2359 2359 2359 2359 2359 2359 2359 2359 2359 2359 2359 2359 2359 2359 2359 2359 2359]
 [2359 2359 2359 2359 2359 2359 2359 2359 2359 2359 2359 2359 2359 2359 2359 2359 2359 2359 2359 2359 2359 2359 2359 2359 2359 2359 2359 2359 2359 2359 2359 2359 2359 2359 2359 2359 2359 2359 2359 2359 2359 2359 2359 2359 2359 2359 2359 2359 2359 2359 2359 2359 2359 2359 2359 2359 2359 2359 2359 2359 2359 2359 2359 2359 2359 2359 2359 2359 2359 2359 2359 2359 2359 2359 2359 2359 2359 2359 2359]
 [2359 2359 2359 2359 2359 2359 2359 2359 2359 2359 2359 2359 2359 2359 2359 2359 2359 2359 2359 2359 2359 2359 2359 2359 2359 2359 2359 2359 2359 2359 2359 2359 2359 2359 2359 2359 2359 2359 2359 2359 2359 2359 2359 2359 2359 2359 2359 2359 2359 2359 2359 2359 2359 2359 2359 2359 2359 2359 2359 2359 2359 2359 2359 2359 2359 2359 2359 2359 2359 2359 2359 2359 2359 2359 2359 2359 2359 2359 2359]
 [2359 2359 2359 2359 2359 2359 2359 2359 2359 2359 2359 2359 2359 2359 2359 2359 2359 2359 2359 2359 2359 2359 2359 2359 2359 2359 2359 2359 2359 2359 2359 2359 2359 2359 2359 2359 2359 2359 2359 2359 2359 2359 2359 2359 2359 2359 2359 2359 2359 2359 2359 2359 2359 2359 2359 2359 2359 2359 2359 2359 2359 2359 2359 2359 2359 2359 2359 2359 2359 2359 2359 2359 2359 2359 2359 2359 2359 2359 2359]
 [2359 2359 2359 2359 2359 2359 2359 2359 2359 2359 2359 2359 2359 2359 2359 2359 2359 2359 2359 2359 2359 2359 2359 2359 2359 2359 2359 2359 2359 2359 2359 2359 2359 2359 2359 2359 2359 2359 2359 2359 2359 2359 2359 2359 2359 2359 2359 2359 2359 2359 2359 2359 2359 2359 2359 2359 2359 2359 2359 2359 2359 2359 2359 2359 2359 2359 2359 2359 2359 2359 2359 2359 2359 2359 2359 2359 2359 2359 2359]
 [2359 2359 2359 2359 2359 2359 2359 2359 2359 2359 2359 2359 2359 2359 2359 2359 2359 2359 2359 2359 2359 2359 2359 2359 2359 2359 2359 2359 2359 2359 2359 2359 2359 2359 2359 2359 2359 2359 2359 2359 2359 2359 2359 2359 2359 2359 2359 2359 2359 2359 2359 2359 2359 2359 2359 2359 2359 2359 2359 2359 2359 2359 2359 2359 2359 2359 2359 2359 2359 2359 2359 2359 2359 2359 2359 2359 2359 2359 2359]
 [2359 2359 2359 2359 2359 2359 2359 2359 2359 2359 2359 2359 2359 2359 2359 2359 2359 2359 2359 2359 2359 2359 2359 2359 2359 2359 2359 2359 2378 2379 2379 2379 2378 2378 2378 2378 2378 2378 2378 2378 2378 2378 2359 2359 2359 2359 2359 2359 2359 2359 2359 2359 2359 2359 2359 2359 2359 2359 2359 2359 2359 2359 2359 2359 2359 2359 2359 2359 2359 2359 2359 2359 2359 2359 2359 2359 2359 2359 2359]
 [2359 2359 2359 2359 2359 2359 2359 2359 2359 2359 2359 2359 2359 2359 2359 2359 2359 2359 2359 2359 2359 2359 2359 2359 2359 2359 2378 2378 2353 2378 2359 2379 2378 2378 2378 2378 2378 2378 2378 2378 2378 2353 2359 2359 2359 2359 2359 2359 2359 2359 2359 2359 2359 2359 2359 2359 2359 2359 2359 2359 2359 2359 2359 2359 2359 2359 2359 2359 2359 2359 2359 2359 2359 2359 2359 2359 2359 2359 2359]
 [2359 2359 2359 2359 2359 2359 2359 2359 2359 2359 2359 2359 2359 2359 2359 2359 2359 2359 2359 2359 2359 2359 2359 2359 2359 2359 2378 2378 2378 2378 2378 2378 2359 2378 2378 2378 2378 2378 2378 2378  155   87 2359 2359 2400 2359 2359 2359 2359 2359 2359 2359 2359 2359 2359 2359 2359 2359 2359 2359 2359 2359 2359 2359 2359 2359 2359 2359 2359 2359 2359 2359 2359 2359 2359 2359 2359 2359 2359]
 [2359 2359 2359 2359 2359 2359 2359 2359 2359 2359 2359 2359 2359 2359 2359 2359 2359 2359 2359 2359 2359 2359 2359 2359 2359 2359 2378 2378 2378 2378 2378 2378 2378 2353 2378 2378 2378 2378 2378 2378 2378 2353 2359 2378 2400 2359 2359 2359 2359 2359 2359 2359 2359 2359 2359 2359 2359 2359 2359 2359 2359 2359 2359 2359 2359 2359 2359 2359 2359 2359 2359 2359 2359 2359 2359 2359 2359 2359 2359]
 [2359 2359 2359 2359 2359 2359 2359 2359 2359 2359 2359 2359 2359 2359 2359 2359 2359 2359 2359 2359 2359 2359 2359 2359 2359 2359 2378 2378 2378 2378 2378 2378 2378  115 2378 2378 2378 2378 2378 2378 2378 2378 2378 2378 2400 2359 2359 2359 2359 2359 2359 2359 2359 2359 2359 2359 2359 2359 2359 2359 2359 2359 2359 2359 2359 2359 2359 2359 2359 2359 2359 2359 2359 2359 2359 2359 2359 2359 2359]
 [2359 2359 2359 2359 2359 2359 2359 2359 2359 2359 2359 2359 2359 2359 2359 2359 2359 2359 2359 2359 2359 2359 2359 2359 2359 2359 2378 2378 2378 2378 2378 2378  115 2378 2378 2378 2378 2382 2378 2378 2378 2378 2378 2378 2400 2359 2359 2359 2359 2359 2359 2359 2359 2359 2359 2359 2359 2359 2359 2359 2359 2359 2359 2359 2359 2359 2359 2359 2359 2359 2359 2359 2359 2359 2359 2359 2359 2359 2359]
 [2359 2359 2359 2359 2359 2359 2359 2359 2359 2359 2359 2359 2359 2359 2359 2359 2359 2359 2359 2359 2359 2359 2359 2359 2359 2359 2378 2378 2378 2378 2378 2378 2378 2378 2378 2378  337  115 2378 2378 2378 2378 2378 2378 2400 2359 2359 2359 2359 2359 2359 2359 2359 2359 2359 2359 2359 2359 2359 2359 2359 2359 2359 2359 2359 2359 2359 2359 2359 2359 2359 2359 2359 2359 2359 2359 2359 2359 2359]
 [2359 2359 2359 2359 2359 2359 2359 2359 2359 2359 2359 2359 2359 2359 2359 2359 2359 2359 2359 2359 2359 2359 2359 2359 2359 2359 2359 2359 2359 2359 2359 2359 2359 2359 2359 2359 2359 2359 2359 2359 2359 2359 2359 2359 2359 2359 2359 2359 2359 2359 2359 2359 2359 2359 2359 2359 2359 2359 2359 2359 2359 2359 2359 2359 2359 2359 2359 2359 2359 2359 2359 2359 2359 2359 2359 2359 2359 2359 2359]
 [2359 2359 2359 2359 2359 2359 2359 2359 2359 2359 2359 2359 2359 2359 2359 2359 2359 2359 2359 2359 2359 2359 2359 2359 2359 2359 2359 2359 2359 2359 2359 2359 2359 2359 2359 2359 2359 2359 2359 2359 2359 2359 2359 2359 2359 2359 2359 2359 2359 2359 2359 2359 2359 2359 2359 2359 2359 2359 2359 2359 2359 2359 2359 2359 2359 2359 2359 2359 2359 2359 2359 2359 2359 2359 2359 2359 2359 2359 2359]
 [2359 2359 2359 2359 2359 2359 2359 2359 2359 2359 2359 2359 2359 2359 2359 2359 2359 2359 2359 2359 2359 2359 2359 2359 2359 2359 2359 2359 2359 2359 2359 2359 2359 2359 2359 2359 2359 2359 2359 2359 2359 2359 2359 2359 2359 2359 2359 2359 2359 2359 2359 2359 2359 2359 2359 2359 2359 2359 2359 2359 2359 2359 2359 2359 2359 2359 2359 2359 2359 2359 2359 2359 2359 2359 2359 2359 2359 2359 2359]
 [2359 2359 2359 2359 2359 2359 2359 2359 2359 2359 2359 2359 2359 2359 2359 2359 2359 2359 2359 2359 2359 2359 2359 2359 2359 2359 2359 2359 2359 2359 2359 2359 2359 2359 2359 2359 2359 2359 2359 2359 2359 2359 2359 2359 2359 2359 2359 2359 2359 2359 2359 2359 2359 2359 2359 2359 2359 2359 2359 2359 2359 2359 2359 2359 2359 2359 2359 2359 2359 2359 2359 2359 2359 2359 2359 2359 2359 2359 2359]
 [2359 2359 2359 2359 2359 2359 2359 2359 2359 2359 2359 2359 2359 2359 2359 2359 2359 2359 2359 2359 2359 2359 2359 2359 2359 2359 2359 2359 2359 2359 2359 2359 2359 2359 2359 2359 2359 2359 2359 2359 2359 2359 2359 2359 2359 2359 2359 2359 2359 2359 2359 2359 2359 2359 2359 2359 2359 2359 2359 2359 2359 2359 2359 2359 2359 2359 2359 2359 2359 2359 2359 2359 2359 2359 2359 2359 2359 2359 2359]
 [2359 2359 2359 2359 2359 2359 2359 2359 2359 2359 2359 2359 2359 2359 2359 2359 2359 2359 2359 2359 2359 2359 2359 2359 2359 2359 2359 2359 2359 2359 2359 2359 2359 2359 2359 2359 2359 2359 2359 2359 2359 2359 2359 2359 2359 2359 2359 2359 2359 2359 2359 2359 2359 2359 2359 2359 2359 2359 2359 2359 2359 2359 2359 2359 2359 2359 2359 2359 2359 2359 2359 2359 2359 2359 2359 2359 2359 2359 2359]
 [2359 2359 2359 2359 2359 2359 2359 2359 2359 2359 2359 2359 2359 2359 2359 2359 2359 2359 2359 2359 2359 2359 2359 2359 2359 2359 2359 2359 2359 2359 2359 2359 2359 2359 2359 2359 2359 2359 2359 2359 2359 2359 2359 2359 2359 2359 2359 2359 2359 2359 2359 2359 2359 2359 2359 2359 2359 2359 2359 2359 2359 2359 2359 2359 2359 2359 2359 2359 2359 2359 2359 2359 2359 2359 2359 2359 2359 2359 2359]]

[[2359 2359 2359 2359 2359 2359 2359 2359 2359 2359 2359 2359 2359 2359 2359 2359 2359 2359 2359 2359 2359 2359 2359 2359 2359 2359 2359 2359 2359 2359 2359 2359 2359 2359 2359 2359 2359 2359 2359 2359 2359 2359 2359 2359 2359 2359 2359 2359 2359 2359 2359 2359 2359 2359 2359 2359 2359 2359 2359 2359 2359 2359 2359 2359 2359 2359 2359 2359 2359 2359 2359 2359 2359 2359 2359 2359 2359 2359 2359]
 [2359 2359 2359 2359 2359 2359 2359 2359 2359 2359 2359 2359 2359 2359 2359 2359 2359 2359 2359 2359 2359 2359 2359 2359 2359 2359 2359 2359 2359 2359 2359 2359 2359 2359 2359 2359 2359 2359 2359 2359 2359 2359 2359 2359 2359 2359 2359 2359 2359 2359 2359 2359 2359 2359 2359 2359 2359 2359 2359 2359 2359 2359 2359 2359 2359 2359 2359 2359 2359 2359 2359 2359 2359 2359 2359 2359 2359 2359 2359]
 [2359 2359 2359 2359 2359 2359 2359 2359 2359 2359 2359 2359 2359 2359 2359 2359 2359 2359 2359 2359 2359 2359 2359 2359 2359 2359 2359 2359 2359 2359 2359 2359 2359 2359 2359 2359 2359 2359 2359 2359 2359 2359 2359 2359 2359 2359 2359 2359 2359 2359 2359 2359 2359 2359 2359 2359 2359 2359 2359 2359 2359 2359 2359 2359 2359 2359 2359 2359 2359 2359 2359 2359 2359 2359 2359 2359 2359 2359 2359]
 [2359 2359 2359 2359 2359 2359 2359 2359 2359 2359 2359 2359 2359 2359 2359 2359 2359 2359 2359 2359 2359 2359 2359 2359 2359 2359 2359 2359 2359 2359 2359 2359 2359 2359 2359 2359 2359 2359 2359 2359 2359 2359 2359 2359 2359 2359 2359 2359 2359 2359 2359 2359 2359 2359 2359 2359 2359 2359 2359 2359 2359 2359 2359 2359 2359 2359 2359 2359 2359 2359 2359 2359 2359 2359 2359 2359 2359 2359 2359]
 [2359 2359 2359 2359 2359 2359 2359 2359 2359 2359 2359 2359 2359 2359 2359 2359 2359 2359 2359 2359 2359 2359 2359 2359 2359 2359 2359 2359 2359 2359 2359 2359 2359 2359 2359 2359 2359 2359 2359 2359 2359 2359 2359 2359 2359 2359 2359 2359 2359 2359 2359 2359 2359 2359 2359 2359 2359 2359 2359 2359 2359 2359 2359 2359 2359 2359 2359 2359 2359 2359 2359 2359 2359 2359 2359 2359 2359 2359 2359]
 [2359 2359 2359 2359 2359 2359 2359 2359 2359 2359 2359 2359 2359 2359 2359 2359 2359 2359 2359 2359 2359 2359 2359 2359 2359 2359 2359 2359 2359 2359 2359 2359 2359 2359 2359 2359 2359 2359 2359 2359 2359 2359 2359 2359 2359 2359 2359 2359 2359 2359 2359 2359 2359 2359 2359 2359 2359 2359 2359 2359 2359 2359 2359 2359 2359 2359 2359 2359 2359 2359 2359 2359 2359 2359 2359 2359 2359 2359 2359]
 [2359 2359 2359 2359 2359 2359 2359 2359 2359 2359 2359 2359 2359 2359 2359 2359 2359 2359 2359 2359 2359 2359 2359 2359 2359 2359 2359 2359 2359 2359 2359 2359 2359 2359 2359 2359 2359 2359 2359 2359 2359 2359 2359 2359 2359 2359 2359 2359 2359 2359 2359 2359 2359 2359 2359 2359 2359 2359 2359 2359 2359 2359 2359 2359 2359 2359 2359 2359 2359 2359 2359 2359 2359 2359 2359 2359 2359 2359 2359]
 [2359 2359 2359 2359 2359 2359 2359 2359 2359 2359 2359 2359 2359 2359 2359 2359 2359 2359 2359 2359 2359 2359 2359 2359 2359 2359 2359 2359 2379 2379 2378 2378 2378 2378 2378 2378 2378 2378 2378 2378 2378 2378 2359 2359 2359 2359 2359 2359 2359 2359 2359 2359 2359 2359 2359 2359 2359 2359 2359 2359 2359 2359 2359 2359 2359 2359 2359 2359 2359 2359 2359 2359 2359 2359 2359 2359 2359 2359 2359]
 [2359 2359 2359 2359 2359 2359 2359 2359 2359 2359 2359 2359 2359 2359 2359 2359 2359 2359 2359 2359 2359 2359 2359 2359 2359 2359 2378 2379 2353 2379 2359 2379 2378 2378 2378 2378 2378 2378 2378 2378 2378 2353 2359 2359 2359 2359 2359 2359 2359 2359 2359 2359 2359 2359 2359 2359 2359 2359 2359 2359 2359 2359 2359 2359 2359 2359 2359 2359 2359 2359 2359 2359 2359 2359 2359 2359 2359 2359 2359]
 [2359 2359 2359 2359 2359 2359 2359 2359 2359 2359 2359 2359 2359 2359 2359 2359 2359 2359 2359 2359 2359 2359 2359 2359 2359 2359 2378 2378 2378 2378 2379 2379 2359 2378 2378 2378 2378 2378 2378 2378  155 2378 2378 2359 2400 2359 2359 2359 2359 2359 2359 2359 2359 2359 2359 2359 2359 2359 2359 2359 2359 2359 2359 2359 2359 2359 2359 2359 2359 2359 2359 2359 2359 2359 2359 2359 2359 2359 2359]
 [2359 2359 2359 2359 2359 2359 2359 2359 2359 2359 2359 2359 2359 2359 2359 2359 2359 2359 2359 2359 2359 2359 2359 2359 2359 2359 2378 2378 2378 2378 2378 2378 2379 2353 2378 2378 2378 2378 2378 2378   87 2353 2359 2378 2400 2359 2359 2359 2359 2359 2359 2359 2359 2359 2359 2359 2359 2359 2359 2359 2359 2359 2359 2359 2359 2359 2359 2359 2359 2359 2359 2359 2359 2359 2359 2359 2359 2359 2359]
 [2359 2359 2359 2359 2359 2359 2359 2359 2359 2359 2359 2359 2359 2359 2359 2359 2359 2359 2359 2359 2359 2359 2359 2359 2359 2359 2378 2378 2378 2378 2378 2378 2378 2378  115 2378 2378 2378 2378 2378 2378 2378 2378 2378 2400 2359 2359 2359 2359 2359 2359 2359 2359 2359 2359 2359 2359 2359 2359 2359 2359 2359 2359 2359 2359 2359 2359 2359 2359 2359 2359 2359 2359 2359 2359 2359 2359 2359 2359]
 [2359 2359 2359 2359 2359 2359 2359 2359 2359 2359 2359 2359 2359 2359 2359 2359 2359 2359 2359 2359 2359 2359 2359 2359 2359 2359 2378 2378 2378 2378 2378 2378 2378  115 2378 2378  337 2382 2378 2378 2378 2378 2378 2378 2400 2359 2359 2359 2359 2359 2359 2359 2359 2359 2359 2359 2359 2359 2359 2359 2359 2359 2359 2359 2359 2359 2359 2359 2359 2359 2359 2359 2359 2359 2359 2359 2359 2359 2359]
 [2359 2359 2359 2359 2359 2359 2359 2359 2359 2359 2359 2359 2359 2359 2359 2359 2359 2359 2359 2359 2359 2359 2359 2359 2359 2359 2378 2378 2378 2378 2378 2378 2378 2378 2378 2378  115 2378 2378 2378 2378 2378 2378 2378 2400 2359 2359 2359 2359 2359 2359 2359 2359 2359 2359 2359 2359 2359 2359 2359 2359 2359 2359 2359 2359 2359 2359 2359 2359 2359 2359 2359 2359 2359 2359 2359 2359 2359 2359]
 [2359 2359 2359 2359 2359 2359 2359 2359 2359 2359 2359 2359 2359 2359 2359 2359 2359 2359 2359 2359 2359 2359 2359 2359 2359 2359 2359 2359 2359 2359 2359 2359 2359 2359 2359 2359 2359 2359 2359 2359 2359 2359 2359 2359 2359 2359 2359 2359 2359 2359 2359 2359 2359 2359 2359 2359 2359 2359 2359 2359 2359 2359 2359 2359 2359 2359 2359 2359 2359 2359 2359 2359 2359 2359 2359 2359 2359 2359 2359]
 [2359 2359 2359 2359 2359 2359 2359 2359 2359 2359 2359 2359 2359 2359 2359 2359 2359 2359 2359 2359 2359 2359 2359 2359 2359 2359 2359 2359 2359 2359 2359 2359 2359 2359 2359 2359 2359 2359 2359 2359 2359 2359 2359 2359 2359 2359 2359 2359 2359 2359 2359 2359 2359 2359 2359 2359 2359 2359 2359 2359 2359 2359 2359 2359 2359 2359 2359 2359 2359 2359 2359 2359 2359 2359 2359 2359 2359 2359 2359]
 [2359 2359 2359 2359 2359 2359 2359 2359 2359 2359 2359 2359 2359 2359 2359 2359 2359 2359 2359 2359 2359 2359 2359 2359 2359 2359 2359 2359 2359 2359 2359 2359 2359 2359 2359 2359 2359 2359 2359 2359 2359 2359 2359 2359 2359 2359 2359 2359 2359 2359 2359 2359 2359 2359 2359 2359 2359 2359 2359 2359 2359 2359 2359 2359 2359 2359 2359 2359 2359 2359 2359 2359 2359 2359 2359 2359 2359 2359 2359]
 [2359 2359 2359 2359 2359 2359 2359 2359 2359 2359 2359 2359 2359 2359 2359 2359 2359 2359 2359 2359 2359 2359 2359 2359 2359 2359 2359 2359 2359 2359 2359 2359 2359 2359 2359 2359 2359 2359 2359 2359 2359 2359 2359 2359 2359 2359 2359 2359 2359 2359 2359 2359 2359 2359 2359 2359 2359 2359 2359 2359 2359 2359 2359 2359 2359 2359 2359 2359 2359 2359 2359 2359 2359 2359 2359 2359 2359 2359 2359]
 [2359 2359 2359 2359 2359 2359 2359 2359 2359 2359 2359 2359 2359 2359 2359 2359 2359 2359 2359 2359 2359 2359 2359 2359 2359 2359 2359 2359 2359 2359 2359 2359 2359 2359 2359 2359 2359 2359 2359 2359 2359 2359 2359 2359 2359 2359 2359 2359 2359 2359 2359 2359 2359 2359 2359 2359 2359 2359 2359 2359 2359 2359 2359 2359 2359 2359 2359 2359 2359 2359 2359 2359 2359 2359 2359 2359 2359 2359 2359]
 [2359 2359 2359 2359 2359 2359 2359 2359 2359 2359 2359 2359 2359 2359 2359 2359 2359 2359 2359 2359 2359 2359 2359 2359 2359 2359 2359 2359 2359 2359 2359 2359 2359 2359 2359 2359 2359 2359 2359 2359 2359 2359 2359 2359 2359 2359 2359 2359 2359 2359 2359 2359 2359 2359 2359 2359 2359 2359 2359 2359 2359 2359 2359 2359 2359 2359 2359 2359 2359 2359 2359 2359 2359 2359 2359 2359 2359 2359 2359]
 [2359 2359 2359 2359 2359 2359 2359 2359 2359 2359 2359 2359 2359 2359 2359 2359 2359 2359 2359 2359 2359 2359 2359 2359 2359 2359 2359 2359 2359 2359 2359 2359 2359 2359 2359 2359 2359 2359 2359 2359 2359 2359 2359 2359 2359 2359 2359 2359 2359 2359 2359 2359 2359 2359 2359 2359 2359 2359 2359 2359 2359 2359 2359 2359 2359 2359 2359 2359 2359 2359 2359 2359 2359 2359 2359 2359 2359 2359 2359]]

[[2359 2359 2359 2359 2359 2359 2359 2359 2359 2359 2359 2359 2359 2359 2359 2359 2359 2359 2359 2359 2359 2359 2359 2359 2359 2359 2359 2359 2359 2359 2359 2359 2359 2359 2359 2359 2359 2359 2359 2359 2359 2359 2359 2359 2359 2359 2359 2359 2359 2359 2359 2359 2359 2359 2359 2359 2359 2359 2359 2359 2359 2359 2359 2359 2359 2359 2359 2359 2359 2359 2359 2359 2359 2359 2359 2359 2359 2359 2359]
 [2359 2359 2359 2359 2359 2359 2359 2359 2359 2359 2359 2359 2359 2359 2359 2359 2359 2359 2359 2359 2359 2359 2359 2359 2359 2359 2359 2359 2359 2359 2359 2359 2359 2359 2359 2359 2359 2359 2359 2359 2359 2359 2359 2359 2359 2359 2359 2359 2359 2359 2359 2359 2359 2359 2359 2359 2359 2359 2359 2359 2359 2359 2359 2359 2359 2359 2359 2359 2359 2359 2359 2359 2359 2359 2359 2359 2359 2359 2359]
 [2359 2359 2359 2359 2359 2359 2359 2359 2359 2359 2359 2359 2359 2359 2359 2359 2359 2359 2359 2359 2359 2359 2359 2359 2359 2359 2359 2359 2359 2359 2359 2359 2359 2359 2359 2359 2359 2359 2359 2359 2359 2359 2359 2359 2359 2359 2359 2359 2359 2359 2359 2359 2359 2359 2359 2359 2359 2359 2359 2359 2359 2359 2359 2359 2359 2359 2359 2359 2359 2359 2359 2359 2359 2359 2359 2359 2359 2359 2359]
 [2359 2359 2359 2359 2359 2359 2359 2359 2359 2359 2359 2359 2359 2359 2359 2359 2359 2359 2359 2359 2359 2359 2359 2359 2359 2359 2359 2359 2359 2359 2359 2359 2359 2359 2359 2359 2359 2359 2359 2359 2359 2359 2359 2359 2359 2359 2359 2359 2359 2359 2359 2359 2359 2359 2359 2359 2359 2359 2359 2359 2359 2359 2359 2359 2359 2359 2359 2359 2359 2359 2359 2359 2359 2359 2359 2359 2359 2359 2359]
 [2359 2359 2359 2359 2359 2359 2359 2359 2359 2359 2359 2359 2359 2359 2359 2359 2359 2359 2359 2359 2359 2359 2359 2359 2359 2359 2359 2359 2359 2359 2359 2359 2359 2359 2359 2359 2359 2359 2359 2359 2359 2359 2359 2359 2359 2359 2359 2359 2359 2359 2359 2359 2359 2359 2359 2359 2359 2359 2359 2359 2359 2359 2359 2359 2359 2359 2359 2359 2359 2359 2359 2359 2359 2359 2359 2359 2359 2359 2359]
 [2359 2359 2359 2359 2359 2359 2359 2359 2359 2359 2359 2359 2359 2359 2359 2359 2359 2359 2359 2359 2359 2359 2359 2359 2359 2359 2359 2359 2359 2359 2359 2359 2359 2359 2359 2359 2359 2359 2359 2359 2359 2359 2359 2359 2359 2359 2359 2359 2359 2359 2359 2359 2359 2359 2359 2359 2359 2359 2359 2359 2359 2359 2359 2359 2359 2359 2359 2359 2359 2359 2359 2359 2359 2359 2359 2359 2359 2359 2359]
 [2359 2359 2359 2359 2359 2359 2359 2359 2359 2359 2359 2359 2359 2359 2359 2359 2359 2359 2359 2359 2359 2359 2359 2359 2359 2359 2359 2359 2359 2359 2359 2359 2359 2359 2359 2359 2359 2359 2359 2359 2359 2359 2359 2359 2359 2359 2359 2359 2359 2359 2359 2359 2359 2359 2359 2359 2359 2359 2359 2359 2359 2359 2359 2359 2359 2359 2359 2359 2359 2359 2359 2359 2359 2359 2359 2359 2359 2359 2359]
 [2359 2359 2359 2359 2359 2359 2359 2359 2359 2359 2359 2359 2359 2359 2359 2359 2359 2359 2359 2359 2359 2359 2359 2359 2359 2359 2359 2378 2378 2378 2378 2378 2378 2378 2378 2378 2378 2378 2378 2378 2378 2378 2359 2359 2359 2359 2359 2359 2359 2359 2359 2359 2359 2359 2359 2359 2359 2359 2359 2359 2359 2359 2359 2359 2359 2359 2359 2359 2359 2359 2359 2359 2359 2359 2359 2359 2359 2359 2359]
 [2359 2359 2359 2359 2359 2359 2359 2359 2359 2359 2359 2359 2359 2359 2359 2359 2359 2359 2359 2359 2359 2359 2359 2359 2359 2359 2379 2379 2353 2378 2378 2378 2378 2378 2378 2378 2378 2378 2378 2378 2378 2353 2359 2359 2359 2359 2359 2359 2359 2359 2359 2359 2359 2359 2359 2359 2359 2359 2359 2359 2359 2359 2359 2359 2359 2359 2359 2359 2359 2359 2359 2359 2359 2359 2359 2359 2359 2359 2359]
 [2359 2359 2359 2359 2359 2359 2359 2359 2359 2359 2359 2359 2359 2359 2359 2359 2359 2359 2359 2359 2359 2359 2359 2359 2359 2359 2379 2379 2379 2379 2379 2379 2378 2378 2378 2378 2378 2378 2378 2378  155 2379 2379 2359 2400 2359 2359 2359 2359 2359 2359 2359 2359 2359 2359 2359 2359 2359 2359 2359 2359 2359 2359 2359 2359 2359 2359 2359 2359 2359 2359 2359 2359 2359 2359 2359 2359 2359 2359]
 [2359 2359 2359 2359 2359 2359 2359 2359 2359 2359 2359 2359 2359 2359 2359 2359 2359 2359 2359 2359 2359 2359 2359 2359 2359 2359 2378 2378 2378 2379 2379 2379 2379 2353 2378 2378 2378 2378 2378 2378 2378 2353 2359 2379 2400 2359 2359 2359 2359 2359 2359 2359 2359 2359 2359 2359 2359 2359 2359 2359 2359 2359 2359 2359 2359 2359 2359 2359 2359 2359 2359 2359 2359 2359 2359 2359 2359 2359 2359]
 [2359 2359 2359 2359 2359 2359 2359 2359 2359 2359 2359 2359 2359 2359 2359 2359 2359 2359 2359 2359 2359 2359 2359 2359 2359 2359 2378 2378 2378 2378 2378 2378 2378 2378 2378  115 2378  337 2378   87 2378 2378 2378 2378 2400 2359 2359 2359 2359 2359 2359 2359 2359 2359 2359 2359 2359 2359 2359 2359 2359 2359 2359 2359 2359 2359 2359 2359 2359 2359 2359 2359 2359 2359 2359 2359 2359 2359 2359]
 [2359 2359 2359 2359 2359 2359 2359 2359 2359 2359 2359 2359 2359 2359 2359 2359 2359 2359 2359 2359 2359 2359 2359 2359 2359 2359 2378 2378 2378 2378 2378 2378 2378 2378  115 2378  115 2382 2378 2378 2378 2378 2378 2378 2400 2359 2359 2359 2359 2359 2359 2359 2359 2359 2359 2359 2359 2359 2359 2359 2359 2359 2359 2359 2359 2359 2359 2359 2359 2359 2359 2359 2359 2359 2359 2359 2359 2359 2359]
 [2359 2359 2359 2359 2359 2359 2359 2359 2359 2359 2359 2359 2359 2359 2359 2359 2359 2359 2359 2359 2359 2359 2359 2359 2359 2359 2378 2378 2378 2378 2378 2378 2378 2378 2378 2378 2378 2378 2378 2378 2378 2378 2378 2378 2400 2359 2359 2359 2359 2359 2359 2359 2359 2359 2359 2359 2359 2359 2359 2359 2359 2359 2359 2359 2359 2359 2359 2359 2359 2359 2359 2359 2359 2359 2359 2359 2359 2359 2359]
 [2359 2359 2359 2359 2359 2359 2359 2359 2359 2359 2359 2359 2359 2359 2359 2359 2359 2359 2359 2359 2359 2359 2359 2359 2359 2359 2359 2359 2359 2359 2359 2359 2359 2359 2359 2359 2359 2359 2359 2359 2359 2359 2359 2359 2359 2359 2359 2359 2359 2359 2359 2359 2359 2359 2359 2359 2359 2359 2359 2359 2359 2359 2359 2359 2359 2359 2359 2359 2359 2359 2359 2359 2359 2359 2359 2359 2359 2359 2359]
 [2359 2359 2359 2359 2359 2359 2359 2359 2359 2359 2359 2359 2359 2359 2359 2359 2359 2359 2359 2359 2359 2359 2359 2359 2359 2359 2359 2359 2359 2359 2359 2359 2359 2359 2359 2359 2359 2359 2359 2359 2359 2359 2359 2359 2359 2359 2359 2359 2359 2359 2359 2359 2359 2359 2359 2359 2359 2359 2359 2359 2359 2359 2359 2359 2359 2359 2359 2359 2359 2359 2359 2359 2359 2359 2359 2359 2359 2359 2359]
 [2359 2359 2359 2359 2359 2359 2359 2359 2359 2359 2359 2359 2359 2359 2359 2359 2359 2359 2359 2359 2359 2359 2359 2359 2359 2359 2359 2359 2359 2359 2359 2359 2359 2359 2359 2359 2359 2359 2359 2359 2359 2359 2359 2359 2359 2359 2359 2359 2359 2359 2359 2359 2359 2359 2359 2359 2359 2359 2359 2359 2359 2359 2359 2359 2359 2359 2359 2359 2359 2359 2359 2359 2359 2359 2359 2359 2359 2359 2359]
 [2359 2359 2359 2359 2359 2359 2359 2359 2359 2359 2359 2359 2359 2359 2359 2359 2359 2359 2359 2359 2359 2359 2359 2359 2359 2359 2359 2359 2359 2359 2359 2359 2359 2359 2359 2359 2359 2359 2359 2359 2359 2359 2359 2359 2359 2359 2359 2359 2359 2359 2359 2359 2359 2359 2359 2359 2359 2359 2359 2359 2359 2359 2359 2359 2359 2359 2359 2359 2359 2359 2359 2359 2359 2359 2359 2359 2359 2359 2359]
 [2359 2359 2359 2359 2359 2359 2359 2359 2359 2359 2359 2359 2359 2359 2359 2359 2359 2359 2359 2359 2359 2359 2359 2359 2359 2359 2359 2359 2359 2359 2359 2359 2359 2359 2359 2359 2359 2359 2359 2359 2359 2359 2359 2359 2359 2359 2359 2359 2359 2359 2359 2359 2359 2359 2359 2359 2359 2359 2359 2359 2359 2359 2359 2359 2359 2359 2359 2359 2359 2359 2359 2359 2359 2359 2359 2359 2359 2359 2359]
 [2359 2359 2359 2359 2359 2359 2359 2359 2359 2359 2359 2359 2359 2359 2359 2359 2359 2359 2359 2359 2359 2359 2359 2359 2359 2359 2359 2359 2359 2359 2359 2359 2359 2359 2359 2359 2359 2359 2359 2359 2359 2359 2359 2359 2359 2359 2359 2359 2359 2359 2359 2359 2359 2359 2359 2359 2359 2359 2359 2359 2359 2359 2359 2359 2359 2359 2359 2359 2359 2359 2359 2359 2359 2359 2359 2359 2359 2359 2359]
 [2359 2359 2359 2359 2359 2359 2359 2359 2359 2359 2359 2359 2359 2359 2359 2359 2359 2359 2359 2359 2359 2359 2359 2359 2359 2359 2359 2359 2359 2359 2359 2359 2359 2359 2359 2359 2359 2359 2359 2359 2359 2359 2359 2359 2359 2359 2359 2359 2359 2359 2359 2359 2359 2359 2359 2359 2359 2359 2359 2359 2359 2359 2359 2359 2359 2359 2359 2359 2359 2359 2359 2359 2359 2359 2359 2359 2359 2359 2359]]

[[2359 2359 2359 2359 2359 2359 2359 2359 2359 2359 2359 2359 2359 2359 2359 2359 2359 2359 2359 2359 2359 2359 2359 2359 2359 2359 2359 2359 2359 2359 2359 2359 2359 2359 2359 2359 2359 2359 2359 2359 2359 2359 2359 2359 2359 2359 2359 2359 2359 2359 2359 2359 2359 2359 2359 2359 2359 2359 2359 2359 2359 2359 2359 2359 2359 2359 2359 2359 2359 2359 2359 2359 2359 2359 2359 2359 2359 2359 2359]
 [2359 2359 2359 2359 2359 2359 2359 2359 2359 2359 2359 2359 2359 2359 2359 2359 2359 2359 2359 2359 2359 2359 2359 2359 2359 2359 2359 2359 2359 2359 2359 2359 2359 2359 2359 2359 2359 2359 2359 2359 2359 2359 2359 2359 2359 2359 2359 2359 2359 2359 2359 2359 2359 2359 2359 2359 2359 2359 2359 2359 2359 2359 2359 2359 2359 2359 2359 2359 2359 2359 2359 2359 2359 2359 2359 2359 2359 2359 2359]
 [2359 2359 2359 2359 2359 2359 2359 2359 2359 2359 2359 2359 2359 2359 2359 2359 2359 2359 2359 2359 2359 2359 2359 2359 2359 2359 2359 2359 2359 2359 2359 2359 2359 2359 2359 2359 2359 2359 2359 2359 2359 2359 2359 2359 2359 2359 2359 2359 2359 2359 2359 2359 2359 2359 2359 2359 2359 2359 2359 2359 2359 2359 2359 2359 2359 2359 2359 2359 2359 2359 2359 2359 2359 2359 2359 2359 2359 2359 2359]
 [2359 2359 2359 2359 2359 2359 2359 2359 2359 2359 2359 2359 2359 2359 2359 2359 2359 2359 2359 2359 2359 2359 2359 2359 2359 2359 2359 2359 2359 2359 2359 2359 2359 2359 2359 2359 2359 2359 2359 2359 2359 2359 2359 2359 2359 2359 2359 2359 2359 2359 2359 2359 2359 2359 2359 2359 2359 2359 2359 2359 2359 2359 2359 2359 2359 2359 2359 2359 2359 2359 2359 2359 2359 2359 2359 2359 2359 2359 2359]
 [2359 2359 2359 2359 2359 2359 2359 2359 2359 2359 2359 2359 2359 2359 2359 2359 2359 2359 2359 2359 2359 2359 2359 2359 2359 2359 2359 2359 2359 2359 2359 2359 2359 2359 2359 2359 2359 2359 2359 2359 2359 2359 2359 2359 2359 2359 2359 2359 2359 2359 2359 2359 2359 2359 2359 2359 2359 2359 2359 2359 2359 2359 2359 2359 2359 2359 2359 2359 2359 2359 2359 2359 2359 2359 2359 2359 2359 2359 2359]
 [2359 2359 2359 2359 2359 2359 2359 2359 2359 2359 2359 2359 2359 2359 2359 2359 2359 2359 2359 2359 2359 2359 2359 2359 2359 2359 2359 2359 2359 2359 2359 2359 2359 2359 2359 2359 2359 2359 2359 2359 2359 2359 2359 2359 2359 2359 2359 2359 2359 2359 2359 2359 2359 2359 2359 2359 2359 2359 2359 2359 2359 2359 2359 2359 2359 2359 2359 2359 2359 2359 2359 2359 2359 2359 2359 2359 2359 2359 2359]
 [2359 2359 2359 2359 2359 2359 2359 2359 2359 2359 2359 2359 2359 2359 2359 2359 2359 2359 2359 2359 2359 2359 2359 2359 2359 2359 2359 2359 2359 2359 2359 2359 2359 2359 2359 2359 2359 2359 2359 2359 2359 2359 2359 2359 2359 2359 2359 2359 2359 2359 2359 2359 2359 2359 2359 2359 2359 2359 2359 2359 2359 2359 2359 2359 2359 2359 2359 2359 2359 2359 2359 2359 2359 2359 2359 2359 2359 2359 2359]
 [2359 2359 2359 2359 2359 2359 2359 2359 2359 2359 2359 2359 2359 2359 2359 2359 2359 2359 2359 2359 2359 2359 2359 2359 2359 2359 2359 2378 2378 2378 2378 2378 2378 2378 2378 2378 2378 2378 2378 2378 2378 2378 2359 2359 2359 2359 2359 2359 2359 2359 2359 2359 2359 2359 2359 2359 2359 2359 2359 2359 2359 2359 2359 2359 2359 2359 2359 2359 2359 2359 2359 2359 2359 2359 2359 2359 2359 2359 2359]
 [2359 2359 2359 2359 2359 2359 2359 2359 2359 2359 2359 2359 2359 2359 2359 2359 2359 2359 2359 2359 2359 2359 2359 2359 2359 2359 2379 2379 2353 2378 2378 2378 2378 2378 2378 2378 2378 2378 2378 2378 2378 2353 2359 2359 2359 2359 2359 2359 2359 2359 2359 2359 2359 2359 2359 2359 2359 2359 2359 2359 2359 2359 2359 2359 2359 2359 2359 2359 2359 2359 2359 2359 2359 2359 2359 2359 2359 2359 2359]
 [2359 2359 2359 2359 2359 2359 2359 2359 2359 2359 2359 2359 2359 2359 2359 2359 2359 2359 2359 2359 2359 2359 2359 2359 2359 2359 2379 2379 2379 2379 2379 2379 2378 2378 2378 2378 2378 2378 2378 2378  155 2379 2379 2359 2400 2359 2359 2359 2359 2359 2359 2359 2359 2359 2359 2359 2359 2359 2359 2359 2359 2359 2359 2359 2359 2359 2359 2359 2359 2359 2359 2359 2359 2359 2359 2359 2359 2359 2359]
 [2359 2359 2359 2359 2359 2359 2359 2359 2359 2359 2359 2359 2359 2359 2359 2359 2359 2359 2359 2359 2359 2359 2359 2359 2359 2359 2378 2378 2378 2379 2379 2379 2379 2353 2378 2378 2378 2378 2378 2378 2378 2353 2359 2379 2400 2359 2359 2359 2359 2359 2359 2359 2359 2359 2359 2359 2359 2359 2359 2359 2359 2359 2359 2359 2359 2359 2359 2359 2359 2359 2359 2359 2359 2359 2359 2359 2359 2359 2359]
 [2359 2359 2359 2359 2359 2359 2359 2359 2359 2359 2359 2359 2359 2359 2359 2359 2359 2359 2359 2359 2359 2359 2359 2359 2359 2359 2378 2378 2378 2378 2378 2378 2378 2378 2378 2378  115  337   87 2378 2378 2378 2378 2378 2400 2359 2359 2359 2359 2359 2359 2359 2359 2359 2359 2359 2359 2359 2359 2359 2359 2359 2359 2359 2359 2359 2359 2359 2359 2359 2359 2359 2359 2359 2359 2359 2359 2359 2359]
 [2359 2359 2359 2359 2359 2359 2359 2359 2359 2359 2359 2359 2359 2359 2359 2359 2359 2359 2359 2359 2359 2359 2359 2359 2359 2359 2378 2378 2378 2378 2378 2378 2378 2378 2378  115 2378 2382 2378 2378 2378 2378 2378 2378 2400 2359 2359 2359 2359 2359 2359 2359 2359 2359 2359 2359 2359 2359 2359 2359 2359 2359 2359 2359 2359 2359 2359 2359 2359 2359 2359 2359 2359 2359 2359 2359 2359 2359 2359]
 [2359 2359 2359 2359 2359 2359 2359 2359 2359 2359 2359 2359 2359 2359 2359 2359 2359 2359 2359 2359 2359 2359 2359 2359 2359 2359 2378 2378 2378 2378 2378 2378 2378 2378 2378 2378 2378 2378 2378 2378 2378 2378 2378 2378 2400 2359 2359 2359 2359 2359 2359 2359 2359 2359 2359 2359 2359 2359 2359 2359 2359 2359 2359 2359 2359 2359 2359 2359 2359 2359 2359 2359 2359 2359 2359 2359 2359 2359 2359]
 [2359 2359 2359 2359 2359 2359 2359 2359 2359 2359 2359 2359 2359 2359 2359 2359 2359 2359 2359 2359 2359 2359 2359 2359 2359 2359 2359 2359 2359 2359 2359 2359 2359 2359 2359 2359 2359 2359 2359 2359 2359 2359 2359 2359 2359 2359 2359 2359 2359 2359 2359 2359 2359 2359 2359 2359 2359 2359 2359 2359 2359 2359 2359 2359 2359 2359 2359 2359 2359 2359 2359 2359 2359 2359 2359 2359 2359 2359 2359]
 [2359 2359 2359 2359 2359 2359 2359 2359 2359 2359 2359 2359 2359 2359 2359 2359 2359 2359 2359 2359 2359 2359 2359 2359 2359 2359 2359 2359 2359 2359 2359 2359 2359 2359 2359 2359 2359 2359 2359 2359 2359 2359 2359 2359 2359 2359 2359 2359 2359 2359 2359 2359 2359 2359 2359 2359 2359 2359 2359 2359 2359 2359 2359 2359 2359 2359 2359 2359 2359 2359 2359 2359 2359 2359 2359 2359 2359 2359 2359]
 [2359 2359 2359 2359 2359 2359 2359 2359 2359 2359 2359 2359 2359 2359 2359 2359 2359 2359 2359 2359 2359 2359 2359 2359 2359 2359 2359 2359 2359 2359 2359 2359 2359 2359 2359 2359 2359 2359 2359 2359 2359 2359 2359 2359 2359 2359 2359 2359 2359 2359 2359 2359 2359 2359 2359 2359 2359 2359 2359 2359 2359 2359 2359 2359 2359 2359 2359 2359 2359 2359 2359 2359 2359 2359 2359 2359 2359 2359 2359]
 [2359 2359 2359 2359 2359 2359 2359 2359 2359 2359 2359 2359 2359 2359 2359 2359 2359 2359 2359 2359 2359 2359 2359 2359 2359 2359 2359 2359 2359 2359 2359 2359 2359 2359 2359 2359 2359 2359 2359 2359 2359 2359 2359 2359 2359 2359 2359 2359 2359 2359 2359 2359 2359 2359 2359 2359 2359 2359 2359 2359 2359 2359 2359 2359 2359 2359 2359 2359 2359 2359 2359 2359 2359 2359 2359 2359 2359 2359 2359]
 [2359 2359 2359 2359 2359 2359 2359 2359 2359 2359 2359 2359 2359 2359 2359 2359 2359 2359 2359 2359 2359 2359 2359 2359 2359 2359 2359 2359 2359 2359 2359 2359 2359 2359 2359 2359 2359 2359 2359 2359 2359 2359 2359 2359 2359 2359 2359 2359 2359 2359 2359 2359 2359 2359 2359 2359 2359 2359 2359 2359 2359 2359 2359 2359 2359 2359 2359 2359 2359 2359 2359 2359 2359 2359 2359 2359 2359 2359 2359]
 [2359 2359 2359 2359 2359 2359 2359 2359 2359 2359 2359 2359 2359 2359 2359 2359 2359 2359 2359 2359 2359 2359 2359 2359 2359 2359 2359 2359 2359 2359 2359 2359 2359 2359 2359 2359 2359 2359 2359 2359 2359 2359 2359 2359 2359 2359 2359 2359 2359 2359 2359 2359 2359 2359 2359 2359 2359 2359 2359 2359 2359 2359 2359 2359 2359 2359 2359 2359 2359 2359 2359 2359 2359 2359 2359 2359 2359 2359 2359]
 [2359 2359 2359 2359 2359 2359 2359 2359 2359 2359 2359 2359 2359 2359 2359 2359 2359 2359 2359 2359 2359 2359 2359 2359 2359 2359 2359 2359 2359 2359 2359 2359 2359 2359 2359 2359 2359 2359 2359 2359 2359 2359 2359 2359 2359 2359 2359 2359 2359 2359 2359 2359 2359 2359 2359 2359 2359 2359 2359 2359 2359 2359 2359 2359 2359 2359 2359 2359 2359 2359 2359 2359 2359 2359 2359 2359 2359 2359 2359]]

[[2359 2359 2359 2359 2359 2359 2359 2359 2359 2359 2359 2359 2359 2359 2359 2359 2359 2359 2359 2359 2359 2359 2359 2359 2359 2359 2359 2359 2359 2359 2359 2359 2359 2359 2359 2359 2359 2359 2359 2359 2359 2359 2359 2359 2359 2359 2359 2359 2359 2359 2359 2359 2359 2359 2359 2359 2359 2359 2359 2359 2359 2359 2359 2359 2359 2359 2359 2359 2359 2359 2359 2359 2359 2359 2359 2359 2359 2359 2359]
 [2359 2359 2359 2359 2359 2359 2359 2359 2359 2359 2359 2359 2359 2359 2359 2359 2359 2359 2359 2359 2359 2359 2359 2359 2359 2359 2359 2359 2359 2359 2359 2359 2359 2359 2359 2359 2359 2359 2359 2359 2359 2359 2359 2359 2359 2359 2359 2359 2359 2359 2359 2359 2359 2359 2359 2359 2359 2359 2359 2359 2359 2359 2359 2359 2359 2359 2359 2359 2359 2359 2359 2359 2359 2359 2359 2359 2359 2359 2359]
 [2359 2359 2359 2359 2359 2359 2359 2359 2359 2359 2359 2359 2359 2359 2359 2359 2359 2359 2359 2359 2359 2359 2359 2359 2359 2359 2359 2359 2359 2359 2359 2359 2359 2359 2359 2359 2359 2359 2359 2359 2359 2359 2359 2359 2359 2359 2359 2359 2359 2359 2359 2359 2359 2359 2359 2359 2359 2359 2359 2359 2359 2359 2359 2359 2359 2359 2359 2359 2359 2359 2359 2359 2359 2359 2359 2359 2359 2359 2359]
 [2359 2359 2359 2359 2359 2359 2359 2359 2359 2359 2359 2359 2359 2359 2359 2359 2359 2359 2359 2359 2359 2359 2359 2359 2359 2359 2359 2359 2359 2359 2359 2359 2359 2359 2359 2359 2359 2359 2359 2359 2359 2359 2359 2359 2359 2359 2359 2359 2359 2359 2359 2359 2359 2359 2359 2359 2359 2359 2359 2359 2359 2359 2359 2359 2359 2359 2359 2359 2359 2359 2359 2359 2359 2359 2359 2359 2359 2359 2359]
 [2359 2359 2359 2359 2359 2359 2359 2359 2359 2359 2359 2359 2359 2359 2359 2359 2359 2359 2359 2359 2359 2359 2359 2359 2359 2359 2359 2359 2359 2359 2359 2359 2359 2359 2359 2359 2359 2359 2359 2359 2359 2359 2359 2359 2359 2359 2359 2359 2359 2359 2359 2359 2359 2359 2359 2359 2359 2359 2359 2359 2359 2359 2359 2359 2359 2359 2359 2359 2359 2359 2359 2359 2359 2359 2359 2359 2359 2359 2359]
 [2359 2359 2359 2359 2359 2359 2359 2359 2359 2359 2359 2359 2359 2359 2359 2359 2359 2359 2359 2359 2359 2359 2359 2359 2359 2359 2359 2359 2359 2359 2359 2359 2359 2359 2359 2359 2359 2359 2359 2359 2359 2359 2359 2359 2359 2359 2359 2359 2359 2359 2359 2359 2359 2359 2359 2359 2359 2359 2359 2359 2359 2359 2359 2359 2359 2359 2359 2359 2359 2359 2359 2359 2359 2359 2359 2359 2359 2359 2359]
 [2359 2359 2359 2359 2359 2359 2359 2359 2359 2359 2359 2359 2359 2359 2359 2359 2359 2359 2359 2359 2359 2359 2359 2359 2359 2359 2359 2359 2359 2359 2359 2359 2359 2359 2359 2359 2359 2359 2359 2359 2359 2359 2359 2359 2359 2359 2359 2359 2359 2359 2359 2359 2359 2359 2359 2359 2359 2359 2359 2359 2359 2359 2359 2359 2359 2359 2359 2359 2359 2359 2359 2359 2359 2359 2359 2359 2359 2359 2359]
 [2359 2359 2359 2359 2359 2359 2359 2359 2359 2359 2359 2359 2359 2359 2359 2359 2359 2359 2359 2359 2359 2359 2359 2359 2359 2359 2359 2379 2378 2378 2378 2378 2378 2378 2378 2378 2378 2378 2378 2378 2378 2379 2359 2359 2359 2359 2359 2359 2359 2359 2359 2359 2359 2359 2359 2359 2359 2359 2359 2359 2359 2359 2359 2359 2359 2359 2359 2359 2359 2359 2359 2359 2359 2359 2359 2359 2359 2359 2359]
 [2359 2359 2359 2359 2359 2359 2359 2359 2359 2359 2359 2359 2359 2359 2359 2359 2359 2359 2359 2359 2359 2359 2359 2359 2359 2359 2379 2379 2353 2379 2378 2378 2378 2378 2378 2378 2378 2378 2378 2378 2379 2353 2359 2359 2359 2359 2359 2359 2359 2359 2359 2359 2359 2359 2359 2359 2359 2359 2359 2359 2359 2359 2359 2359 2359 2359 2359 2359 2359 2359 2359 2359 2359 2359 2359 2359 2359 2359 2359]
 [2359 2359 2359 2359 2359 2359 2359 2359 2359 2359 2359 2359 2359 2359 2359 2359 2359 2359 2359 2359 2359 2359 2359 2359 2359 2359 2378 2378 2379 2379 2379 2379 2378 2378 2378 2378 2378 2378 2378 2378  155 2378 2379 2359 2400 2359 2359 2359 2359 2359 2359 2359 2359 2359 2359 2359 2359 2359 2359 2359 2359 2359 2359 2359 2359 2359 2359 2359 2359 2359 2359 2359 2359 2359 2359 2359 2359 2359 2359]
 [2359 2359 2359 2359 2359 2359 2359 2359 2359 2359 2359 2359 2359 2359 2359 2359 2359 2359 2359 2359 2359 2359 2359 2359 2359 2359 2378 2378 2378 2378 2378 2378 2379 2353 2378 2378 2378 2378 2378 2378 2378 2353 2359 2378 2400 2359 2359 2359 2359 2359 2359 2359 2359 2359 2359 2359 2359 2359 2359 2359 2359 2359 2359 2359 2359 2359 2359 2359 2359 2359 2359 2359 2359 2359 2359 2359 2359 2359 2359]
 [2359 2359 2359 2359 2359 2359 2359 2359 2359 2359 2359 2359 2359 2359 2359 2359 2359 2359 2359 2359 2359 2359 2359 2359 2359 2359 2378 2378 2378 2378 2378 2378 2378 2378 2378 2378 2378  115   87 2378 2378 2378 2378 2378 2400 2359 2359 2359 2359 2359 2359 2359 2359 2359 2359 2359 2359 2359 2359 2359 2359 2359 2359 2359 2359 2359 2359 2359 2359 2359 2359 2359 2359 2359 2359 2359 2359 2359 2359]
 [2359 2359 2359 2359 2359 2359 2359 2359 2359 2359 2359 2359 2359 2359 2359 2359 2359 2359 2359 2359 2359 2359 2359 2359 2359 2359 2378 2378 2378 2378 2378 2378 2378 2378 2378 2378  115 2382  337 2378 2378 2378 2378 2378 2400 2359 2359 2359 2359 2359 2359 2359 2359 2359 2359 2359 2359 2359 2359 2359 2359 2359 2359 2359 2359 2359 2359 2359 2359 2359 2359 2359 2359 2359 2359 2359 2359 2359 2359]
 [2359 2359 2359 2359 2359 2359 2359 2359 2359 2359 2359 2359 2359 2359 2359 2359 2359 2359 2359 2359 2359 2359 2359 2359 2359 2359 2378 2378 2378 2378 2378 2378 2378 2378 2378 2378 2378 2378 2378 2378 2378 2378 2378 2378 2400 2359 2359 2359 2359 2359 2359 2359 2359 2359 2359 2359 2359 2359 2359 2359 2359 2359 2359 2359 2359 2359 2359 2359 2359 2359 2359 2359 2359 2359 2359 2359 2359 2359 2359]
 [2359 2359 2359 2359 2359 2359 2359 2359 2359 2359 2359 2359 2359 2359 2359 2359 2359 2359 2359 2359 2359 2359 2359 2359 2359 2359 2359 2359 2359 2359 2359 2359 2359 2359 2359 2359 2359 2359 2359 2359 2359 2359 2359 2359 2359 2359 2359 2359 2359 2359 2359 2359 2359 2359 2359 2359 2359 2359 2359 2359 2359 2359 2359 2359 2359 2359 2359 2359 2359 2359 2359 2359 2359 2359 2359 2359 2359 2359 2359]
 [2359 2359 2359 2359 2359 2359 2359 2359 2359 2359 2359 2359 2359 2359 2359 2359 2359 2359 2359 2359 2359 2359 2359 2359 2359 2359 2359 2359 2359 2359 2359 2359 2359 2359 2359 2359 2359 2359 2359 2359 2359 2359 2359 2359 2359 2359 2359 2359 2359 2359 2359 2359 2359 2359 2359 2359 2359 2359 2359 2359 2359 2359 2359 2359 2359 2359 2359 2359 2359 2359 2359 2359 2359 2359 2359 2359 2359 2359 2359]
 [2359 2359 2359 2359 2359 2359 2359 2359 2359 2359 2359 2359 2359 2359 2359 2359 2359 2359 2359 2359 2359 2359 2359 2359 2359 2359 2359 2359 2359 2359 2359 2359 2359 2359 2359 2359 2359 2359 2359 2359 2359 2359 2359 2359 2359 2359 2359 2359 2359 2359 2359 2359 2359 2359 2359 2359 2359 2359 2359 2359 2359 2359 2359 2359 2359 2359 2359 2359 2359 2359 2359 2359 2359 2359 2359 2359 2359 2359 2359]
 [2359 2359 2359 2359 2359 2359 2359 2359 2359 2359 2359 2359 2359 2359 2359 2359 2359 2359 2359 2359 2359 2359 2359 2359 2359 2359 2359 2359 2359 2359 2359 2359 2359 2359 2359 2359 2359 2359 2359 2359 2359 2359 2359 2359 2359 2359 2359 2359 2359 2359 2359 2359 2359 2359 2359 2359 2359 2359 2359 2359 2359 2359 2359 2359 2359 2359 2359 2359 2359 2359 2359 2359 2359 2359 2359 2359 2359 2359 2359]
 [2359 2359 2359 2359 2359 2359 2359 2359 2359 2359 2359 2359 2359 2359 2359 2359 2359 2359 2359 2359 2359 2359 2359 2359 2359 2359 2359 2359 2359 2359 2359 2359 2359 2359 2359 2359 2359 2359 2359 2359 2359 2359 2359 2359 2359 2359 2359 2359 2359 2359 2359 2359 2359 2359 2359 2359 2359 2359 2359 2359 2359 2359 2359 2359 2359 2359 2359 2359 2359 2359 2359 2359 2359 2359 2359 2359 2359 2359 2359]
 [2359 2359 2359 2359 2359 2359 2359 2359 2359 2359 2359 2359 2359 2359 2359 2359 2359 2359 2359 2359 2359 2359 2359 2359 2359 2359 2359 2359 2359 2359 2359 2359 2359 2359 2359 2359 2359 2359 2359 2359 2359 2359 2359 2359 2359 2359 2359 2359 2359 2359 2359 2359 2359 2359 2359 2359 2359 2359 2359 2359 2359 2359 2359 2359 2359 2359 2359 2359 2359 2359 2359 2359 2359 2359 2359 2359 2359 2359 2359]
 [2359 2359 2359 2359 2359 2359 2359 2359 2359 2359 2359 2359 2359 2359 2359 2359 2359 2359 2359 2359 2359 2359 2359 2359 2359 2359 2359 2359 2359 2359 2359 2359 2359 2359 2359 2359 2359 2359 2359 2359 2359 2359 2359 2359 2359 2359 2359 2359 2359 2359 2359 2359 2359 2359 2359 2359 2359 2359 2359 2359 2359 2359 2359 2359 2359 2359 2359 2359 2359 2359 2359 2359 2359 2359 2359 2359 2359 2359 2359]]

[[2359 2359 2359 2359 2359 2359 2359 2359 2359 2359 2359 2359 2359 2359 2359 2359 2359 2359 2359 2359 2359 2359 2359 2359 2359 2359 2359 2359 2359 2359 2359 2359 2359 2359 2359 2359 2359 2359 2359 2359 2359 2359 2359 2359 2359 2359 2359 2359 2359 2359 2359 2359 2359 2359 2359 2359 2359 2359 2359 2359 2359 2359 2359 2359 2359 2359 2359 2359 2359 2359 2359 2359 2359 2359 2359 2359 2359 2359 2359]
 [2359 2359 2359 2359 2359 2359 2359 2359 2359 2359 2359 2359 2359 2359 2359 2359 2359 2359 2359 2359 2359 2359 2359 2359 2359 2359 2359 2359 2359 2359 2359 2359 2359 2359 2359 2359 2359 2359 2359 2359 2359 2359 2359 2359 2359 2359 2359 2359 2359 2359 2359 2359 2359 2359 2359 2359 2359 2359 2359 2359 2359 2359 2359 2359 2359 2359 2359 2359 2359 2359 2359 2359 2359 2359 2359 2359 2359 2359 2359]
 [2359 2359 2359 2359 2359 2359 2359 2359 2359 2359 2359 2359 2359 2359 2359 2359 2359 2359 2359 2359 2359 2359 2359 2359 2359 2359 2359 2359 2359 2359 2359 2359 2359 2359 2359 2359 2359 2359 2359 2359 2359 2359 2359 2359 2359 2359 2359 2359 2359 2359 2359 2359 2359 2359 2359 2359 2359 2359 2359 2359 2359 2359 2359 2359 2359 2359 2359 2359 2359 2359 2359 2359 2359 2359 2359 2359 2359 2359 2359]
 [2359 2359 2359 2359 2359 2359 2359 2359 2359 2359 2359 2359 2359 2359 2359 2359 2359 2359 2359 2359 2359 2359 2359 2359 2359 2359 2359 2359 2359 2359 2359 2359 2359 2359 2359 2359 2359 2359 2359 2359 2359 2359 2359 2359 2359 2359 2359 2359 2359 2359 2359 2359 2359 2359 2359 2359 2359 2359 2359 2359 2359 2359 2359 2359 2359 2359 2359 2359 2359 2359 2359 2359 2359 2359 2359 2359 2359 2359 2359]
 [2359 2359 2359 2359 2359 2359 2359 2359 2359 2359 2359 2359 2359 2359 2359 2359 2359 2359 2359 2359 2359 2359 2359 2359 2359 2359 2359 2359 2359 2359 2359 2359 2359 2359 2359 2359 2359 2359 2359 2359 2359 2359 2359 2359 2359 2359 2359 2359 2359 2359 2359 2359 2359 2359 2359 2359 2359 2359 2359 2359 2359 2359 2359 2359 2359 2359 2359 2359 2359 2359 2359 2359 2359 2359 2359 2359 2359 2359 2359]
 [2359 2359 2359 2359 2359 2359 2359 2359 2359 2359 2359 2359 2359 2359 2359 2359 2359 2359 2359 2359 2359 2359 2359 2359 2359 2359 2359 2359 2359 2359 2359 2359 2359 2359 2359 2359 2359 2359 2359 2359 2359 2359 2359 2359 2359 2359 2359 2359 2359 2359 2359 2359 2359 2359 2359 2359 2359 2359 2359 2359 2359 2359 2359 2359 2359 2359 2359 2359 2359 2359 2359 2359 2359 2359 2359 2359 2359 2359 2359]
 [2359 2359 2359 2359 2359 2359 2359 2359 2359 2359 2359 2359 2359 2359 2359 2359 2359 2359 2359 2359 2359 2359 2359 2359 2359 2359 2359 2359 2359 2359 2359 2359 2359 2359 2359 2359 2359 2359 2359 2359 2359 2359 2359 2359 2359 2359 2359 2359 2359 2359 2359 2359 2359 2359 2359 2359 2359 2359 2359 2359 2359 2359 2359 2359 2359 2359 2359 2359 2359 2359 2359 2359 2359 2359 2359 2359 2359 2359 2359]
 [2359 2359 2359 2359 2359 2359 2359 2359 2359 2359 2359 2359 2359 2359 2359 2359 2359 2359 2359 2359 2359 2359 2359 2359 2359 2359 2359 2379 2379 2378 2378 2378 2378 2378 2378 2378 2378 2378 2378 2378 2379 2379 2359 2359 2359 2359 2359 2359 2359 2359 2359 2359 2359 2359 2359 2359 2359 2359 2359 2359 2359 2359 2359 2359 2359 2359 2359 2359 2359 2359 2359 2359 2359 2359 2359 2359 2359 2359 2359]
 [2359 2359 2359 2359 2359 2359 2359 2359 2359 2359 2359 2359 2359 2359 2359 2359 2359 2359 2359 2359 2359 2359 2359 2359 2359 2359 2378 2379 2353 2379 2379 2378 2378 2378 2378 2378 2378 2378 2378 2378 2379 2353 2359 2359 2400 2359 2359 2359 2359 2359 2359 2359 2359 2359 2359 2359 2359 2359 2359 2359 2359 2359 2359 2359 2359 2359 2359 2359 2359 2359 2359 2359 2359 2359 2359 2359 2359 2359 2359]
 [2359 2359 2359 2359 2359 2359 2359 2359 2359 2359 2359 2359 2359 2359 2359 2359 2359 2359 2359 2359 2359 2359 2359 2359 2359 2359 2378 2378 2378 2378 2379 2379 2379 2378 2378 2378 2378 2378 2378 2378  155 2379 2379 2378 2400 2359 2359 2359 2359 2359 2359 2359 2359 2359 2359 2359 2359 2359 2359 2359 2359 2359 2359 2359 2359 2359 2359 2359 2359 2359 2359 2359 2359 2359 2359 2359 2359 2359 2359]
 [2359 2359 2359 2359 2359 2359 2359 2359 2359 2359 2359 2359 2359 2359 2359 2359 2359 2359 2359 2359 2359 2359 2359 2359 2359 2359 2378 2378 2378 2378 2378 2378 2379 2353 2378 2378 2378 2378 2378 2378 2378 2353 2378 2378 2400 2359 2359 2359 2359 2359 2359 2359 2359 2359 2359 2359 2359 2359 2359 2359 2359 2359 2359 2359 2359 2359 2359 2359 2359 2359 2359 2359 2359 2359 2359 2359 2359 2359 2359]
 [2359 2359 2359 2359 2359 2359 2359 2359 2359 2359 2359 2359 2359 2359 2359 2359 2359 2359 2359 2359 2359 2359 2359 2359 2359 2359 2378 2378 2378 2378 2378 2378 2378 2378 2378 2378 2378 2378 2378 2378 2378 2378 2378 2378 2400 2359 2359 2359 2359 2359 2359 2359 2359 2359 2359 2359 2359 2359 2359 2359 2359 2359 2359 2359 2359 2359 2359 2359 2359 2359 2359 2359 2359 2359 2359 2359 2359 2359 2359]
 [2359 2359 2359 2359 2359 2359 2359 2359 2359 2359 2359 2359 2359 2359 2359 2359 2359 2359 2359 2359 2359 2359 2359 2359 2359 2359 2378 2378 2378 2378 2378 2378 2378 2378 2378 2378 2378  115 2378   87 2378 2378 2378 2378 2400 2359 2359 2359 2359 2359 2359 2359 2359 2359 2359 2359 2359 2359 2359 2359 2359 2359 2359 2359 2359 2359 2359 2359 2359 2359 2359 2359 2359 2359 2359 2359 2359 2359 2359]
 [2359 2359 2359 2359 2359 2359 2359 2359 2359 2359 2359 2359 2359 2359 2359 2359 2359 2359 2359 2359 2359 2359 2359 2359 2359 2359 2378 2378 2378 2378 2378 2378 2378 2378 2378 2378  115 2378 2378  337 2378 2378 2378 2378 2400 2359 2359 2359 2359 2359 2359 2359 2359 2359 2359 2359 2359 2359 2359 2359 2359 2359 2359 2359 2359 2359 2359 2359 2359 2359 2359 2359 2359 2359 2359 2359 2359 2359 2359]
 [2359 2359 2359 2359 2359 2359 2359 2359 2359 2359 2359 2359 2359 2359 2359 2359 2359 2359 2359 2359 2359 2359 2359 2359 2359 2359 2359 2359 2359 2359 2359 2359 2359 2359 2359 2359 2359 2359 2359 2359 2359 2359 2359 2359 2359 2359 2359 2359 2359 2359 2359 2359 2359 2359 2359 2359 2359 2359 2359 2359 2359 2359 2359 2359 2359 2359 2359 2359 2359 2359 2359 2359 2359 2359 2359 2359 2359 2359 2359]
 [2359 2359 2359 2359 2359 2359 2359 2359 2359 2359 2359 2359 2359 2359 2359 2359 2359 2359 2359 2359 2359 2359 2359 2359 2359 2359 2359 2359 2359 2359 2359 2359 2359 2359 2359 2359 2359 2359 2359 2359 2359 2359 2359 2359 2359 2359 2359 2359 2359 2359 2359 2359 2359 2359 2359 2359 2359 2359 2359 2359 2359 2359 2359 2359 2359 2359 2359 2359 2359 2359 2359 2359 2359 2359 2359 2359 2359 2359 2359]
 [2359 2359 2359 2359 2359 2359 2359 2359 2359 2359 2359 2359 2359 2359 2359 2359 2359 2359 2359 2359 2359 2359 2359 2359 2359 2359 2359 2359 2359 2359 2359 2359 2359 2359 2359 2359 2359 2359 2359 2359 2359 2359 2359 2359 2359 2359 2359 2359 2359 2359 2359 2359 2359 2359 2359 2359 2359 2359 2359 2359 2359 2359 2359 2359 2359 2359 2359 2359 2359 2359 2359 2359 2359 2359 2359 2359 2359 2359 2359]
 [2359 2359 2359 2359 2359 2359 2359 2359 2359 2359 2359 2359 2359 2359 2359 2359 2359 2359 2359 2359 2359 2359 2359 2359 2359 2359 2359 2359 2359 2359 2359 2359 2359 2359 2359 2359 2359 2359 2359 2359 2359 2359 2359 2359 2359 2359 2359 2359 2359 2359 2359 2359 2359 2359 2359 2359 2359 2359 2359 2359 2359 2359 2359 2359 2359 2359 2359 2359 2359 2359 2359 2359 2359 2359 2359 2359 2359 2359 2359]
 [2359 2359 2359 2359 2359 2359 2359 2359 2359 2359 2359 2359 2359 2359 2359 2359 2359 2359 2359 2359 2359 2359 2359 2359 2359 2359 2359 2359 2359 2359 2359 2359 2359 2359 2359 2359 2359 2359 2359 2359 2359 2359 2359 2359 2359 2359 2359 2359 2359 2359 2359 2359 2359 2359 2359 2359 2359 2359 2359 2359 2359 2359 2359 2359 2359 2359 2359 2359 2359 2359 2359 2359 2359 2359 2359 2359 2359 2359 2359]
 [2359 2359 2359 2359 2359 2359 2359 2359 2359 2359 2359 2359 2359 2359 2359 2359 2359 2359 2359 2359 2359 2359 2359 2359 2359 2359 2359 2359 2359 2359 2359 2359 2359 2359 2359 2359 2359 2359 2359 2359 2359 2359 2359 2359 2359 2359 2359 2359 2359 2359 2359 2359 2359 2359 2359 2359 2359 2359 2359 2359 2359 2359 2359 2359 2359 2359 2359 2359 2359 2359 2359 2359 2359 2359 2359 2359 2359 2359 2359]
 [2359 2359 2359 2359 2359 2359 2359 2359 2359 2359 2359 2359 2359 2359 2359 2359 2359 2359 2359 2359 2359 2359 2359 2359 2359 2359 2359 2359 2359 2359 2359 2359 2359 2359 2359 2359 2359 2359 2359 2359 2359 2359 2359 2359 2359 2359 2359 2359 2359 2359 2359 2359 2359 2359 2359 2359 2359 2359 2359 2359 2359 2359 2359 2359 2359 2359 2359 2359 2359 2359 2359 2359 2359 2359 2359 2359 2359 2359 2359]]

[[2359 2359 2359 2359 2359 2359 2359 2359 2359 2359 2359 2359 2359 2359 2359 2359 2359 2359 2359 2359 2359 2359 2359 2359 2359 2359 2359 2359 2359 2359 2359 2359 2359 2359 2359 2359 2359 2359 2359 2359 2359 2359 2359 2359 2359 2359 2359 2359 2359 2359 2359 2359 2359 2359 2359 2359 2359 2359 2359 2359 2359 2359 2359 2359 2359 2359 2359 2359 2359 2359 2359 2359 2359 2359 2359 2359 2359 2359 2359]
 [2359 2359 2359 2359 2359 2359 2359 2359 2359 2359 2359 2359 2359 2359 2359 2359 2359 2359 2359 2359 2359 2359 2359 2359 2359 2359 2359 2359 2359 2359 2359 2359 2359 2359 2359 2359 2359 2359 2359 2359 2359 2359 2359 2359 2359 2359 2359 2359 2359 2359 2359 2359 2359 2359 2359 2359 2359 2359 2359 2359 2359 2359 2359 2359 2359 2359 2359 2359 2359 2359 2359 2359 2359 2359 2359 2359 2359 2359 2359]
 [2359 2359 2359 2359 2359 2359 2359 2359 2359 2359 2359 2359 2359 2359 2359 2359 2359 2359 2359 2359 2359 2359 2359 2359 2359 2359 2359 2359 2359 2359 2359 2359 2359 2359 2359 2359 2359 2359 2359 2359 2359 2359 2359 2359 2359 2359 2359 2359 2359 2359 2359 2359 2359 2359 2359 2359 2359 2359 2359 2359 2359 2359 2359 2359 2359 2359 2359 2359 2359 2359 2359 2359 2359 2359 2359 2359 2359 2359 2359]
 [2359 2359 2359 2359 2359 2359 2359 2359 2359 2359 2359 2359 2359 2359 2359 2359 2359 2359 2359 2359 2359 2359 2359 2359 2359 2359 2359 2359 2359 2359 2359 2359 2359 2359 2359 2359 2359 2359 2359 2359 2359 2359 2359 2359 2359 2359 2359 2359 2359 2359 2359 2359 2359 2359 2359 2359 2359 2359 2359 2359 2359 2359 2359 2359 2359 2359 2359 2359 2359 2359 2359 2359 2359 2359 2359 2359 2359 2359 2359]
 [2359 2359 2359 2359 2359 2359 2359 2359 2359 2359 2359 2359 2359 2359 2359 2359 2359 2359 2359 2359 2359 2359 2359 2359 2359 2359 2359 2359 2359 2359 2359 2359 2359 2359 2359 2359 2359 2359 2359 2359 2359 2359 2359 2359 2359 2359 2359 2359 2359 2359 2359 2359 2359 2359 2359 2359 2359 2359 2359 2359 2359 2359 2359 2359 2359 2359 2359 2359 2359 2359 2359 2359 2359 2359 2359 2359 2359 2359 2359]
 [2359 2359 2359 2359 2359 2359 2359 2359 2359 2359 2359 2359 2359 2359 2359 2359 2359 2359 2359 2359 2359 2359 2359 2359 2359 2359 2359 2359 2359 2359 2359 2359 2359 2359 2359 2359 2359 2359 2359 2359 2359 2359 2359 2359 2359 2359 2359 2359 2359 2359 2359 2359 2359 2359 2359 2359 2359 2359 2359 2359 2359 2359 2359 2359 2359 2359 2359 2359 2359 2359 2359 2359 2359 2359 2359 2359 2359 2359 2359]
 [2359 2359 2359 2359 2359 2359 2359 2359 2359 2359 2359 2359 2359 2359 2359 2359 2359 2359 2359 2359 2359 2359 2359 2359 2359 2359 2359 2359 2359 2359 2359 2359 2359 2359 2359 2359 2359 2359 2359 2359 2359 2359 2359 2359 2359 2359 2359 2359 2359 2359 2359 2359 2359 2359 2359 2359 2359 2359 2359 2359 2359 2359 2359 2359 2359 2359 2359 2359 2359 2359 2359 2359 2359 2359 2359 2359 2359 2359 2359]
 [2359 2359 2359 2359 2359 2359 2359 2359 2359 2359 2359 2359 2359 2359 2359 2359 2359 2359 2359 2359 2359 2359 2359 2359 2359 2359 2359 2379 2378 2378 2378 2378 2378 2378 2378 2378 2378 2378 2378 2378 2378 2379 2359 2359 2359 2359 2359 2359 2359 2359 2359 2359 2359 2359 2359 2359 2359 2359 2359 2359 2359 2359 2359 2359 2359 2359 2359 2359 2359 2359 2359 2359 2359 2359 2359 2359 2359 2359 2359]
 [2359 2359 2359 2359 2359 2359 2359 2359 2359 2359 2359 2359 2359 2359 2359 2359 2359 2359 2359 2359 2359 2359 2359 2359 2359 2359 2379 2379 2353 2379 2378 2378 2378 2378 2378 2378 2378 2378 2378 2378 2379 2353 2359 2359 2400 2359 2359 2359 2359 2359 2359 2359 2359 2359 2359 2359 2359 2359 2359 2359 2359 2359 2359 2359 2359 2359 2359 2359 2359 2359 2359 2359 2359 2359 2359 2359 2359 2359 2359]
 [2359 2359 2359 2359 2359 2359 2359 2359 2359 2359 2359 2359 2359 2359 2359 2359 2359 2359 2359 2359 2359 2359 2359 2359 2359 2359 2378 2378 2379 2379 2379 2379 2378 2378 2378 2378 2378 2378 2378 2378  155 2378 2379 2379 2400 2359 2359 2359 2359 2359 2359 2359 2359 2359 2359 2359 2359 2359 2359 2359 2359 2359 2359 2359 2359 2359 2359 2359 2359 2359 2359 2359 2359 2359 2359 2359 2359 2359 2359]
 [2359 2359 2359 2359 2359 2359 2359 2359 2359 2359 2359 2359 2359 2359 2359 2359 2359 2359 2359 2359 2359 2359 2359 2359 2359 2359 2378 2378 2378 2378 2378 2378 2379 2353 2378 2378 2378 2378 2378 2378 2378 2353 2379 2378 2400 2359 2359 2359 2359 2359 2359 2359 2359 2359 2359 2359 2359 2359 2359 2359 2359 2359 2359 2359 2359 2359 2359 2359 2359 2359 2359 2359 2359 2359 2359 2359 2359 2359 2359]
 [2359 2359 2359 2359 2359 2359 2359 2359 2359 2359 2359 2359 2359 2359 2359 2359 2359 2359 2359 2359 2359 2359 2359 2359 2359 2359 2378 2378 2378 2378 2378 2378 2378 2378 2378 2378 2378 2378 2378 2378 2378 2378 2378 2378 2400 2359 2359 2359 2359 2359 2359 2359 2359 2359 2359 2359 2359 2359 2359 2359 2359 2359 2359 2359 2359 2359 2359 2359 2359 2359 2359 2359 2359 2359 2359 2359 2359 2359 2359]
 [2359 2359 2359 2359 2359 2359 2359 2359 2359 2359 2359 2359 2359 2359 2359 2359 2359 2359 2359 2359 2359 2359 2359 2359 2359 2359 2378 2378 2378 2378 2378 2378 2378 2378 2378 2378 2378  115  337   87 2378 2378 2378 2378 2400 2359 2359 2359 2359 2359 2359 2359 2359 2359 2359 2359 2359 2359 2359 2359 2359 2359 2359 2359 2359 2359 2359 2359 2359 2359 2359 2359 2359 2359 2359 2359 2359 2359 2359]
 [2359 2359 2359 2359 2359 2359 2359 2359 2359 2359 2359 2359 2359 2359 2359 2359 2359 2359 2359 2359 2359 2359 2359 2359 2359 2359 2378 2378 2378 2378 2378 2378 2378 2378 2378 2378 2378  115 2378 2378 2378 2378 2378 2378 2400 2359 2359 2359 2359 2359 2359 2359 2359 2359 2359 2359 2359 2359 2359 2359 2359 2359 2359 2359 2359 2359 2359 2359 2359 2359 2359 2359 2359 2359 2359 2359 2359 2359 2359]
 [2359 2359 2359 2359 2359 2359 2359 2359 2359 2359 2359 2359 2359 2359 2359 2359 2359 2359 2359 2359 2359 2359 2359 2359 2359 2359 2359 2359 2359 2359 2359 2359 2359 2359 2359 2359 2359 2359 2359 2359 2359 2359 2359 2359 2359 2359 2359 2359 2359 2359 2359 2359 2359 2359 2359 2359 2359 2359 2359 2359 2359 2359 2359 2359 2359 2359 2359 2359 2359 2359 2359 2359 2359 2359 2359 2359 2359 2359 2359]
 [2359 2359 2359 2359 2359 2359 2359 2359 2359 2359 2359 2359 2359 2359 2359 2359 2359 2359 2359 2359 2359 2359 2359 2359 2359 2359 2359 2359 2359 2359 2359 2359 2359 2359 2359 2359 2359 2359 2359 2359 2359 2359 2359 2359 2359 2359 2359 2359 2359 2359 2359 2359 2359 2359 2359 2359 2359 2359 2359 2359 2359 2359 2359 2359 2359 2359 2359 2359 2359 2359 2359 2359 2359 2359 2359 2359 2359 2359 2359]
 [2359 2359 2359 2359 2359 2359 2359 2359 2359 2359 2359 2359 2359 2359 2359 2359 2359 2359 2359 2359 2359 2359 2359 2359 2359 2359 2359 2359 2359 2359 2359 2359 2359 2359 2359 2359 2359 2359 2359 2359 2359 2359 2359 2359 2359 2359 2359 2359 2359 2359 2359 2359 2359 2359 2359 2359 2359 2359 2359 2359 2359 2359 2359 2359 2359 2359 2359 2359 2359 2359 2359 2359 2359 2359 2359 2359 2359 2359 2359]
 [2359 2359 2359 2359 2359 2359 2359 2359 2359 2359 2359 2359 2359 2359 2359 2359 2359 2359 2359 2359 2359 2359 2359 2359 2359 2359 2359 2359 2359 2359 2359 2359 2359 2359 2359 2359 2359 2359 2359 2359 2359 2359 2359 2359 2359 2359 2359 2359 2359 2359 2359 2359 2359 2359 2359 2359 2359 2359 2359 2359 2359 2359 2359 2359 2359 2359 2359 2359 2359 2359 2359 2359 2359 2359 2359 2359 2359 2359 2359]
 [2359 2359 2359 2359 2359 2359 2359 2359 2359 2359 2359 2359 2359 2359 2359 2359 2359 2359 2359 2359 2359 2359 2359 2359 2359 2359 2359 2359 2359 2359 2359 2359 2359 2359 2359 2359 2359 2359 2359 2359 2359 2359 2359 2359 2359 2359 2359 2359 2359 2359 2359 2359 2359 2359 2359 2359 2359 2359 2359 2359 2359 2359 2359 2359 2359 2359 2359 2359 2359 2359 2359 2359 2359 2359 2359 2359 2359 2359 2359]
 [2359 2359 2359 2359 2359 2359 2359 2359 2359 2359 2359 2359 2359 2359 2359 2359 2359 2359 2359 2359 2359 2359 2359 2359 2359 2359 2359 2359 2359 2359 2359 2359 2359 2359 2359 2359 2359 2359 2359 2359 2359 2359 2359 2359 2359 2359 2359 2359 2359 2359 2359 2359 2359 2359 2359 2359 2359 2359 2359 2359 2359 2359 2359 2359 2359 2359 2359 2359 2359 2359 2359 2359 2359 2359 2359 2359 2359 2359 2359]
 [2359 2359 2359 2359 2359 2359 2359 2359 2359 2359 2359 2359 2359 2359 2359 2359 2359 2359 2359 2359 2359 2359 2359 2359 2359 2359 2359 2359 2359 2359 2359 2359 2359 2359 2359 2359 2359 2359 2359 2359 2359 2359 2359 2359 2359 2359 2359 2359 2359 2359 2359 2359 2359 2359 2359 2359 2359 2359 2359 2359 2359 2359 2359 2359 2359 2359 2359 2359 2359 2359 2359 2359 2359 2359 2359 2359 2359 2359 2359]]

[[2359 2359 2359 2359 2359 2359 2359 2359 2359 2359 2359 2359 2359 2359 2359 2359 2359 2359 2359 2359 2359 2359 2359 2359 2359 2359 2359 2359 2359 2359 2359 2359 2359 2359 2359 2359 2359 2359 2359 2359 2359 2359 2359 2359 2359 2359 2359 2359 2359 2359 2359 2359 2359 2359 2359 2359 2359 2359 2359 2359 2359 2359 2359 2359 2359 2359 2359 2359 2359 2359 2359 2359 2359 2359 2359 2359 2359 2359 2359]
 [2359 2359 2359 2359 2359 2359 2359 2359 2359 2359 2359 2359 2359 2359 2359 2359 2359 2359 2359 2359 2359 2359 2359 2359 2359 2359 2359 2359 2359 2359 2359 2359 2359 2359 2359 2359 2359 2359 2359 2359 2359 2359 2359 2359 2359 2359 2359 2359 2359 2359 2359 2359 2359 2359 2359 2359 2359 2359 2359 2359 2359 2359 2359 2359 2359 2359 2359 2359 2359 2359 2359 2359 2359 2359 2359 2359 2359 2359 2359]
 [2359 2359 2359 2359 2359 2359 2359 2359 2359 2359 2359 2359 2359 2359 2359 2359 2359 2359 2359 2359 2359 2359 2359 2359 2359 2359 2359 2359 2359 2359 2359 2359 2359 2359 2359 2359 2359 2359 2359 2359 2359 2359 2359 2359 2359 2359 2359 2359 2359 2359 2359 2359 2359 2359 2359 2359 2359 2359 2359 2359 2359 2359 2359 2359 2359 2359 2359 2359 2359 2359 2359 2359 2359 2359 2359 2359 2359 2359 2359]
 [2359 2359 2359 2359 2359 2359 2359 2359 2359 2359 2359 2359 2359 2359 2359 2359 2359 2359 2359 2359 2359 2359 2359 2359 2359 2359 2359 2359 2359 2359 2359 2359 2359 2359 2359 2359 2359 2359 2359 2359 2359 2359 2359 2359 2359 2359 2359 2359 2359 2359 2359 2359 2359 2359 2359 2359 2359 2359 2359 2359 2359 2359 2359 2359 2359 2359 2359 2359 2359 2359 2359 2359 2359 2359 2359 2359 2359 2359 2359]
 [2359 2359 2359 2359 2359 2359 2359 2359 2359 2359 2359 2359 2359 2359 2359 2359 2359 2359 2359 2359 2359 2359 2359 2359 2359 2359 2359 2359 2359 2359 2359 2359 2359 2359 2359 2359 2359 2359 2359 2359 2359 2359 2359 2359 2359 2359 2359 2359 2359 2359 2359 2359 2359 2359 2359 2359 2359 2359 2359 2359 2359 2359 2359 2359 2359 2359 2359 2359 2359 2359 2359 2359 2359 2359 2359 2359 2359 2359 2359]
 [2359 2359 2359 2359 2359 2359 2359 2359 2359 2359 2359 2359 2359 2359 2359 2359 2359 2359 2359 2359 2359 2359 2359 2359 2359 2359 2359 2359 2359 2359 2359 2359 2359 2359 2359 2359 2359 2359 2359 2359 2359 2359 2359 2359 2359 2359 2359 2359 2359 2359 2359 2359 2359 2359 2359 2359 2359 2359 2359 2359 2359 2359 2359 2359 2359 2359 2359 2359 2359 2359 2359 2359 2359 2359 2359 2359 2359 2359 2359]
 [2359 2359 2359 2359 2359 2359 2359 2359 2359 2359 2359 2359 2359 2359 2359 2359 2359 2359 2359 2359 2359 2359 2359 2359 2359 2359 2359 2359 2359 2359 2359 2359 2359 2359 2359 2359 2359 2359 2359 2359 2359 2359 2359 2359 2359 2359 2359 2359 2359 2359 2359 2359 2359 2359 2359 2359 2359 2359 2359 2359 2359 2359 2359 2359 2359 2359 2359 2359 2359 2359 2359 2359 2359 2359 2359 2359 2359 2359 2359]
 [2359 2359 2359 2359 2359 2359 2359 2359 2359 2359 2359 2359 2359 2359 2359 2359 2359 2359 2359 2359 2359 2359 2359 2359 2359 2359 2359 2379 2379 2378 2378 2378 2378 2378 2378 2378 2378 2378 2378 2378 2379 2379 2359 2359 2359 2359 2359 2359 2359 2359 2359 2359 2359 2359 2359 2359 2359 2359 2359 2359 2359 2359 2359 2359 2359 2359 2359 2359 2359 2359 2359 2359 2359 2359 2359 2359 2359 2359 2359]
 [2359 2359 2359 2359 2359 2359 2359 2359 2359 2359 2359 2359 2359 2359 2359 2359 2359 2359 2359 2359 2359 2359 2359 2359 2359 2359 2378 2379 2353 2379 2379 2378 2378 2378 2378 2378 2378 2378 2378 2378 2379 2353 2359 2359 2400 2359 2359 2359 2359 2359 2359 2359 2359 2359 2359 2359 2359 2359 2359 2359 2359 2359 2359 2359 2359 2359 2359 2359 2359 2359 2359 2359 2359 2359 2359 2359 2359 2359 2359]
 [2359 2359 2359 2359 2359 2359 2359 2359 2359 2359 2359 2359 2359 2359 2359 2359 2359 2359 2359 2359 2359 2359 2359 2359 2359 2359 2378 2378 2378 2378 2379 2379 2379 2378 2378 2378 2378 2378 2378 2378  155 2379 2379 2378 2400 2359 2359 2359 2359 2359 2359 2359 2359 2359 2359 2359 2359 2359 2359 2359 2359 2359 2359 2359 2359 2359 2359 2359 2359 2359 2359 2359 2359 2359 2359 2359 2359 2359 2359]
 [2359 2359 2359 2359 2359 2359 2359 2359 2359 2359 2359 2359 2359 2359 2359 2359 2359 2359 2359 2359 2359 2359 2359 2359 2359 2359 2378 2378 2378 2378 2378 2378 2379 2353 2378 2378 2378 2378 2378 2378 2378 2353 2378 2378 2400 2359 2359 2359 2359 2359 2359 2359 2359 2359 2359 2359 2359 2359 2359 2359 2359 2359 2359 2359 2359 2359 2359 2359 2359 2359 2359 2359 2359 2359 2359 2359 2359 2359 2359]
 [2359 2359 2359 2359 2359 2359 2359 2359 2359 2359 2359 2359 2359 2359 2359 2359 2359 2359 2359 2359 2359 2359 2359 2359 2359 2359 2378 2378 2378 2378 2378 2378 2378 2378 2378 2378 2378 2378 2378 2378 2378 2378 2378 2378 2400 2359 2359 2359 2359 2359 2359 2359 2359 2359 2359 2359 2359 2359 2359 2359 2359 2359 2359 2359 2359 2359 2359 2359 2359 2359 2359 2359 2359 2359 2359 2359 2359 2359 2359]
 [2359 2359 2359 2359 2359 2359 2359 2359 2359 2359 2359 2359 2359 2359 2359 2359 2359 2359 2359 2359 2359 2359 2359 2359 2359 2359 2378 2378 2378 2378 2378 2378 2378 2378 2378 2378 2378 2382  115   87 2378 2378 2378 2378 2400 2359 2359 2359 2359 2359 2359 2359 2359 2359 2359 2359 2359 2359 2359 2359 2359 2359 2359 2359 2359 2359 2359 2359 2359 2359 2359 2359 2359 2359 2359 2359 2359 2359 2359]
 [2359 2359 2359 2359 2359 2359 2359 2359 2359 2359 2359 2359 2359 2359 2359 2359 2359 2359 2359 2359 2359 2359 2359 2359 2359 2359 2378 2378 2378 2378 2378 2378 2378 2378 2378 2378 2378 2378  115  337 2378 2378 2378 2378 2400 2359 2359 2359 2359 2359 2359 2359 2359 2359 2359 2359 2359 2359 2359 2359 2359 2359 2359 2359 2359 2359 2359 2359 2359 2359 2359 2359 2359 2359 2359 2359 2359 2359 2359]
 [2359 2359 2359 2359 2359 2359 2359 2359 2359 2359 2359 2359 2359 2359 2359 2359 2359 2359 2359 2359 2359 2359 2359 2359 2359 2359 2359 2359 2359 2359 2359 2359 2359 2359 2359 2359 2359 2359 2359 2359 2359 2359 2359 2359 2359 2359 2359 2359 2359 2359 2359 2359 2359 2359 2359 2359 2359 2359 2359 2359 2359 2359 2359 2359 2359 2359 2359 2359 2359 2359 2359 2359 2359 2359 2359 2359 2359 2359 2359]
 [2359 2359 2359 2359 2359 2359 2359 2359 2359 2359 2359 2359 2359 2359 2359 2359 2359 2359 2359 2359 2359 2359 2359 2359 2359 2359 2359 2359 2359 2359 2359 2359 2359 2359 2359 2359 2359 2359 2359 2359 2359 2359 2359 2359 2359 2359 2359 2359 2359 2359 2359 2359 2359 2359 2359 2359 2359 2359 2359 2359 2359 2359 2359 2359 2359 2359 2359 2359 2359 2359 2359 2359 2359 2359 2359 2359 2359 2359 2359]
 [2359 2359 2359 2359 2359 2359 2359 2359 2359 2359 2359 2359 2359 2359 2359 2359 2359 2359 2359 2359 2359 2359 2359 2359 2359 2359 2359 2359 2359 2359 2359 2359 2359 2359 2359 2359 2359 2359 2359 2359 2359 2359 2359 2359 2359 2359 2359 2359 2359 2359 2359 2359 2359 2359 2359 2359 2359 2359 2359 2359 2359 2359 2359 2359 2359 2359 2359 2359 2359 2359 2359 2359 2359 2359 2359 2359 2359 2359 2359]
 [2359 2359 2359 2359 2359 2359 2359 2359 2359 2359 2359 2359 2359 2359 2359 2359 2359 2359 2359 2359 2359 2359 2359 2359 2359 2359 2359 2359 2359 2359 2359 2359 2359 2359 2359 2359 2359 2359 2359 2359 2359 2359 2359 2359 2359 2359 2359 2359 2359 2359 2359 2359 2359 2359 2359 2359 2359 2359 2359 2359 2359 2359 2359 2359 2359 2359 2359 2359 2359 2359 2359 2359 2359 2359 2359 2359 2359 2359 2359]
 [2359 2359 2359 2359 2359 2359 2359 2359 2359 2359 2359 2359 2359 2359 2359 2359 2359 2359 2359 2359 2359 2359 2359 2359 2359 2359 2359 2359 2359 2359 2359 2359 2359 2359 2359 2359 2359 2359 2359 2359 2359 2359 2359 2359 2359 2359 2359 2359 2359 2359 2359 2359 2359 2359 2359 2359 2359 2359 2359 2359 2359 2359 2359 2359 2359 2359 2359 2359 2359 2359 2359 2359 2359 2359 2359 2359 2359 2359 2359]
 [2359 2359 2359 2359 2359 2359 2359 2359 2359 2359 2359 2359 2359 2359 2359 2359 2359 2359 2359 2359 2359 2359 2359 2359 2359 2359 2359 2359 2359 2359 2359 2359 2359 2359 2359 2359 2359 2359 2359 2359 2359 2359 2359 2359 2359 2359 2359 2359 2359 2359 2359 2359 2359 2359 2359 2359 2359 2359 2359 2359 2359 2359 2359 2359 2359 2359 2359 2359 2359 2359 2359 2359 2359 2359 2359 2359 2359 2359 2359]
 [2359 2359 2359 2359 2359 2359 2359 2359 2359 2359 2359 2359 2359 2359 2359 2359 2359 2359 2359 2359 2359 2359 2359 2359 2359 2359 2359 2359 2359 2359 2359 2359 2359 2359 2359 2359 2359 2359 2359 2359 2359 2359 2359 2359 2359 2359 2359 2359 2359 2359 2359 2359 2359 2359 2359 2359 2359 2359 2359 2359 2359 2359 2359 2359 2359 2359 2359 2359 2359 2359 2359 2359 2359 2359 2359 2359 2359 2359 2359]]

[[2359 2359 2359 2359 2359 2359 2359 2359 2359 2359 2359 2359 2359 2359 2359 2359 2359 2359 2359 2359 2359 2359 2359 2359 2359 2359 2359 2359 2359 2359 2359 2359 2359 2359 2359 2359 2359 2359 2359 2359 2359 2359 2359 2359 2359 2359 2359 2359 2359 2359 2359 2359 2359 2359 2359 2359 2359 2359 2359 2359 2359 2359 2359 2359 2359 2359 2359 2359 2359 2359 2359 2359 2359 2359 2359 2359 2359 2359 2359]
 [2359 2359 2359 2359 2359 2359 2359 2359 2359 2359 2359 2359 2359 2359 2359 2359 2359 2359 2359 2359 2359 2359 2359 2359 2359 2359 2359 2359 2359 2359 2359 2359 2359 2359 2359 2359 2359 2359 2359 2359 2359 2359 2359 2359 2359 2359 2359 2359 2359 2359 2359 2359 2359 2359 2359 2359 2359 2359 2359 2359 2359 2359 2359 2359 2359 2359 2359 2359 2359 2359 2359 2359 2359 2359 2359 2359 2359 2359 2359]
 [2359 2359 2359 2359 2359 2359 2359 2359 2359 2359 2359 2359 2359 2359 2359 2359 2359 2359 2359 2359 2359 2359 2359 2359 2359 2359 2359 2359 2359 2359 2359 2359 2359 2359 2359 2359 2359 2359 2359 2359 2359 2359 2359 2359 2359 2359 2359 2359 2359 2359 2359 2359 2359 2359 2359 2359 2359 2359 2359 2359 2359 2359 2359 2359 2359 2359 2359 2359 2359 2359 2359 2359 2359 2359 2359 2359 2359 2359 2359]
 [2359 2359 2359 2359 2359 2359 2359 2359 2359 2359 2359 2359 2359 2359 2359 2359 2359 2359 2359 2359 2359 2359 2359 2359 2359 2359 2359 2359 2359 2359 2359 2359 2359 2359 2359 2359 2359 2359 2359 2359 2359 2359 2359 2359 2359 2359 2359 2359 2359 2359 2359 2359 2359 2359 2359 2359 2359 2359 2359 2359 2359 2359 2359 2359 2359 2359 2359 2359 2359 2359 2359 2359 2359 2359 2359 2359 2359 2359 2359]
 [2359 2359 2359 2359 2359 2359 2359 2359 2359 2359 2359 2359 2359 2359 2359 2359 2359 2359 2359 2359 2359 2359 2359 2359 2359 2359 2359 2359 2359 2359 2359 2359 2359 2359 2359 2359 2359 2359 2359 2359 2359 2359 2359 2359 2359 2359 2359 2359 2359 2359 2359 2359 2359 2359 2359 2359 2359 2359 2359 2359 2359 2359 2359 2359 2359 2359 2359 2359 2359 2359 2359 2359 2359 2359 2359 2359 2359 2359 2359]
 [2359 2359 2359 2359 2359 2359 2359 2359 2359 2359 2359 2359 2359 2359 2359 2359 2359 2359 2359 2359 2359 2359 2359 2359 2359 2359 2359 2359 2359 2359 2359 2359 2359 2359 2359 2359 2359 2359 2359 2359 2359 2359 2359 2359 2359 2359 2359 2359 2359 2359 2359 2359 2359 2359 2359 2359 2359 2359 2359 2359 2359 2359 2359 2359 2359 2359 2359 2359 2359 2359 2359 2359 2359 2359 2359 2359 2359 2359 2359]
 [2359 2359 2359 2359 2359 2359 2359 2359 2359 2359 2359 2359 2359 2359 2359 2359 2359 2359 2359 2359 2359 2359 2359 2359 2359 2359 2359 2359 2359 2359 2359 2359 2359 2359 2359 2359 2359 2359 2359 2359 2359 2359 2359 2359 2359 2359 2359 2359 2359 2359 2359 2359 2359 2359 2359 2359 2359 2359 2359 2359 2359 2359 2359 2359 2359 2359 2359 2359 2359 2359 2359 2359 2359 2359 2359 2359 2359 2359 2359]
 [2359 2359 2359 2359 2359 2359 2359 2359 2359 2359 2359 2359 2359 2359 2359 2359 2359 2359 2359 2359 2359 2359 2359 2359 2359 2359 2359 2379 2379 2378 2378 2378 2378 2378 2378 2378 2378 2378 2378 2378 2379 2379 2359 2359 2359 2359 2359 2359 2359 2359 2359 2359 2359 2359 2359 2359 2359 2359 2359 2359 2359 2359 2359 2359 2359 2359 2359 2359 2359 2359 2359 2359 2359 2359 2359 2359 2359 2359 2359]
 [2359 2359 2359 2359 2359 2359 2359 2359 2359 2359 2359 2359 2359 2359 2359 2359 2359 2359 2359 2359 2359 2359 2359 2359 2359 2359 2378 2379 2353 2379 2379 2378 2378 2378 2378 2378 2378 2378 2378 2378 2379 2353 2359 2359 2400 2359 2359 2359 2359 2359 2359 2359 2359 2359 2359 2359 2359 2359 2359 2359 2359 2359 2359 2359 2359 2359 2359 2359 2359 2359 2359 2359 2359 2359 2359 2359 2359 2359 2359]
 [2359 2359 2359 2359 2359 2359 2359 2359 2359 2359 2359 2359 2359 2359 2359 2359 2359 2359 2359 2359 2359 2359 2359 2359 2359 2359 2378 2378 2378 2378 2379 2379 2379 2378 2378 2378 2378 2378 2378 2378  155 2379 2379 2378 2400 2359 2359 2359 2359 2359 2359 2359 2359 2359 2359 2359 2359 2359 2359 2359 2359 2359 2359 2359 2359 2359 2359 2359 2359 2359 2359 2359 2359 2359 2359 2359 2359 2359 2359]
 [2359 2359 2359 2359 2359 2359 2359 2359 2359 2359 2359 2359 2359 2359 2359 2359 2359 2359 2359 2359 2359 2359 2359 2359 2359 2359 2378 2378 2378 2378 2378 2378 2379 2353 2378 2378 2378 2378 2378 2378 2378 2353 2378 2378 2400 2359 2359 2359 2359 2359 2359 2359 2359 2359 2359 2359 2359 2359 2359 2359 2359 2359 2359 2359 2359 2359 2359 2359 2359 2359 2359 2359 2359 2359 2359 2359 2359 2359 2359]
 [2359 2359 2359 2359 2359 2359 2359 2359 2359 2359 2359 2359 2359 2359 2359 2359 2359 2359 2359 2359 2359 2359 2359 2359 2359 2359 2378 2378 2378 2378 2378 2378 2378 2378 2378 2378 2378 2378  115 2378 2378 2378 2378 2378 2400 2359 2359 2359 2359 2359 2359 2359 2359 2359 2359 2359 2359 2359 2359 2359 2359 2359 2359 2359 2359 2359 2359 2359 2359 2359 2359 2359 2359 2359 2359 2359 2359 2359 2359]
 [2359 2359 2359 2359 2359 2359 2359 2359 2359 2359 2359 2359 2359 2359 2359 2359 2359 2359 2359 2359 2359 2359 2359 2359 2359 2359 2378 2378 2378 2378 2378 2378 2378 2378 2378 2378 2378 2382 2378   87 2378 2378 2378 2378 2400 2359 2359 2359 2359 2359 2359 2359 2359 2359 2359 2359 2359 2359 2359 2359 2359 2359 2359 2359 2359 2359 2359 2359 2359 2359 2359 2359 2359 2359 2359 2359 2359 2359 2359]
 [2359 2359 2359 2359 2359 2359 2359 2359 2359 2359 2359 2359 2359 2359 2359 2359 2359 2359 2359 2359 2359 2359 2359 2359 2359 2359 2378 2378 2378 2378 2378 2378 2378 2378 2378 2378 2378 2378  115  337 2378 2378 2378 2378 2400 2359 2359 2359 2359 2359 2359 2359 2359 2359 2359 2359 2359 2359 2359 2359 2359 2359 2359 2359 2359 2359 2359 2359 2359 2359 2359 2359 2359 2359 2359 2359 2359 2359 2359]
 [2359 2359 2359 2359 2359 2359 2359 2359 2359 2359 2359 2359 2359 2359 2359 2359 2359 2359 2359 2359 2359 2359 2359 2359 2359 2359 2359 2359 2359 2359 2359 2359 2359 2359 2359 2359 2359 2359 2359 2359 2359 2359 2359 2359 2359 2359 2359 2359 2359 2359 2359 2359 2359 2359 2359 2359 2359 2359 2359 2359 2359 2359 2359 2359 2359 2359 2359 2359 2359 2359 2359 2359 2359 2359 2359 2359 2359 2359 2359]
 [2359 2359 2359 2359 2359 2359 2359 2359 2359 2359 2359 2359 2359 2359 2359 2359 2359 2359 2359 2359 2359 2359 2359 2359 2359 2359 2359 2359 2359 2359 2359 2359 2359 2359 2359 2359 2359 2359 2359 2359 2359 2359 2359 2359 2359 2359 2359 2359 2359 2359 2359 2359 2359 2359 2359 2359 2359 2359 2359 2359 2359 2359 2359 2359 2359 2359 2359 2359 2359 2359 2359 2359 2359 2359 2359 2359 2359 2359 2359]
 [2359 2359 2359 2359 2359 2359 2359 2359 2359 2359 2359 2359 2359 2359 2359 2359 2359 2359 2359 2359 2359 2359 2359 2359 2359 2359 2359 2359 2359 2359 2359 2359 2359 2359 2359 2359 2359 2359 2359 2359 2359 2359 2359 2359 2359 2359 2359 2359 2359 2359 2359 2359 2359 2359 2359 2359 2359 2359 2359 2359 2359 2359 2359 2359 2359 2359 2359 2359 2359 2359 2359 2359 2359 2359 2359 2359 2359 2359 2359]
 [2359 2359 2359 2359 2359 2359 2359 2359 2359 2359 2359 2359 2359 2359 2359 2359 2359 2359 2359 2359 2359 2359 2359 2359 2359 2359 2359 2359 2359 2359 2359 2359 2359 2359 2359 2359 2359 2359 2359 2359 2359 2359 2359 2359 2359 2359 2359 2359 2359 2359 2359 2359 2359 2359 2359 2359 2359 2359 2359 2359 2359 2359 2359 2359 2359 2359 2359 2359 2359 2359 2359 2359 2359 2359 2359 2359 2359 2359 2359]
 [2359 2359 2359 2359 2359 2359 2359 2359 2359 2359 2359 2359 2359 2359 2359 2359 2359 2359 2359 2359 2359 2359 2359 2359 2359 2359 2359 2359 2359 2359 2359 2359 2359 2359 2359 2359 2359 2359 2359 2359 2359 2359 2359 2359 2359 2359 2359 2359 2359 2359 2359 2359 2359 2359 2359 2359 2359 2359 2359 2359 2359 2359 2359 2359 2359 2359 2359 2359 2359 2359 2359 2359 2359 2359 2359 2359 2359 2359 2359]
 [2359 2359 2359 2359 2359 2359 2359 2359 2359 2359 2359 2359 2359 2359 2359 2359 2359 2359 2359 2359 2359 2359 2359 2359 2359 2359 2359 2359 2359 2359 2359 2359 2359 2359 2359 2359 2359 2359 2359 2359 2359 2359 2359 2359 2359 2359 2359 2359 2359 2359 2359 2359 2359 2359 2359 2359 2359 2359 2359 2359 2359 2359 2359 2359 2359 2359 2359 2359 2359 2359 2359 2359 2359 2359 2359 2359 2359 2359 2359]
 [2359 2359 2359 2359 2359 2359 2359 2359 2359 2359 2359 2359 2359 2359 2359 2359 2359 2359 2359 2359 2359 2359 2359 2359 2359 2359 2359 2359 2359 2359 2359 2359 2359 2359 2359 2359 2359 2359 2359 2359 2359 2359 2359 2359 2359 2359 2359 2359 2359 2359 2359 2359 2359 2359 2359 2359 2359 2359 2359 2359 2359 2359 2359 2359 2359 2359 2359 2359 2359 2359 2359 2359 2359 2359 2359 2359 2359 2359 2359]]

[[2359 2359 2359 2359 2359 2359 2359 2359 2359 2359 2359 2359 2359 2359 2359 2359 2359 2359 2359 2359 2359 2359 2359 2359 2359 2359 2359 2359 2359 2359 2359 2359 2359 2359 2359 2359 2359 2359 2359 2359 2359 2359 2359 2359 2359 2359 2359 2359 2359 2359 2359 2359 2359 2359 2359 2359 2359 2359 2359 2359 2359 2359 2359 2359 2359 2359 2359 2359 2359 2359 2359 2359 2359 2359 2359 2359 2359 2359 2359]
 [2359 2359 2359 2359 2359 2359 2359 2359 2359 2359 2359 2359 2359 2359 2359 2359 2359 2359 2359 2359 2359 2359 2359 2359 2359 2359 2359 2359 2359 2359 2359 2359 2359 2359 2359 2359 2359 2359 2359 2359 2359 2359 2359 2359 2359 2359 2359 2359 2359 2359 2359 2359 2359 2359 2359 2359 2359 2359 2359 2359 2359 2359 2359 2359 2359 2359 2359 2359 2359 2359 2359 2359 2359 2359 2359 2359 2359 2359 2359]
 [2359 2359 2359 2359 2359 2359 2359 2359 2359 2359 2359 2359 2359 2359 2359 2359 2359 2359 2359 2359 2359 2359 2359 2359 2359 2359 2359 2359 2359 2359 2359 2359 2359 2359 2359 2359 2359 2359 2359 2359 2359 2359 2359 2359 2359 2359 2359 2359 2359 2359 2359 2359 2359 2359 2359 2359 2359 2359 2359 2359 2359 2359 2359 2359 2359 2359 2359 2359 2359 2359 2359 2359 2359 2359 2359 2359 2359 2359 2359]
 [2359 2359 2359 2359 2359 2359 2359 2359 2359 2359 2359 2359 2359 2359 2359 2359 2359 2359 2359 2359 2359 2359 2359 2359 2359 2359 2359 2359 2359 2359 2359 2359 2359 2359 2359 2359 2359 2359 2359 2359 2359 2359 2359 2359 2359 2359 2359 2359 2359 2359 2359 2359 2359 2359 2359 2359 2359 2359 2359 2359 2359 2359 2359 2359 2359 2359 2359 2359 2359 2359 2359 2359 2359 2359 2359 2359 2359 2359 2359]
 [2359 2359 2359 2359 2359 2359 2359 2359 2359 2359 2359 2359 2359 2359 2359 2359 2359 2359 2359 2359 2359 2359 2359 2359 2359 2359 2359 2359 2359 2359 2359 2359 2359 2359 2359 2359 2359 2359 2359 2359 2359 2359 2359 2359 2359 2359 2359 2359 2359 2359 2359 2359 2359 2359 2359 2359 2359 2359 2359 2359 2359 2359 2359 2359 2359 2359 2359 2359 2359 2359 2359 2359 2359 2359 2359 2359 2359 2359 2359]
 [2359 2359 2359 2359 2359 2359 2359 2359 2359 2359 2359 2359 2359 2359 2359 2359 2359 2359 2359 2359 2359 2359 2359 2359 2359 2359 2359 2359 2359 2359 2359 2359 2359 2359 2359 2359 2359 2359 2359 2359 2359 2359 2359 2359 2359 2359 2359 2359 2359 2359 2359 2359 2359 2359 2359 2359 2359 2359 2359 2359 2359 2359 2359 2359 2359 2359 2359 2359 2359 2359 2359 2359 2359 2359 2359 2359 2359 2359 2359]
 [2359 2359 2359 2359 2359 2359 2359 2359 2359 2359 2359 2359 2359 2359 2359 2359 2359 2359 2359 2359 2359 2359 2359 2359 2359 2359 2359 2359 2359 2359 2359 2359 2359 2359 2359 2359 2359 2359 2359 2359 2359 2359 2359 2359 2359 2359 2359 2359 2359 2359 2359 2359 2359 2359 2359 2359 2359 2359 2359 2359 2359 2359 2359 2359 2359 2359 2359 2359 2359 2359 2359 2359 2359 2359 2359 2359 2359 2359 2359]
 [2359 2359 2359 2359 2359 2359 2359 2359 2359 2359 2359 2359 2359 2359 2359 2359 2359 2359 2359 2359 2359 2359 2359 2359 2359 2359 2359 2379 2379 2378 2378 2378 2378 2378 2378 2378 2378 2378 2378 2378 2379 2379 2359 2359 2359 2359 2359 2359 2359 2359 2359 2359 2359 2359 2359 2359 2359 2359 2359 2359 2359 2359 2359 2359 2359 2359 2359 2359 2359 2359 2359 2359 2359 2359 2359 2359 2359 2359 2359]
 [2359 2359 2359 2359 2359 2359 2359 2359 2359 2359 2359 2359 2359 2359 2359 2359 2359 2359 2359 2359 2359 2359 2359 2359 2359 2359 2378 2379 2353 2379 2379 2378 2378 2378 2378 2378 2378 2378 2378 2378 2379 2353 2359 2359 2400 2359 2359 2359 2359 2359 2359 2359 2359 2359 2359 2359 2359 2359 2359 2359 2359 2359 2359 2359 2359 2359 2359 2359 2359 2359 2359 2359 2359 2359 2359 2359 2359 2359 2359]
 [2359 2359 2359 2359 2359 2359 2359 2359 2359 2359 2359 2359 2359 2359 2359 2359 2359 2359 2359 2359 2359 2359 2359 2359 2359 2359 2378 2378 2378 2378 2379 2379 2379 2378 2378 2378 2378 2378 2378 2378  155 2379 2379 2378 2400 2359 2359 2359 2359 2359 2359 2359 2359 2359 2359 2359 2359 2359 2359 2359 2359 2359 2359 2359 2359 2359 2359 2359 2359 2359 2359 2359 2359 2359 2359 2359 2359 2359 2359]
 [2359 2359 2359 2359 2359 2359 2359 2359 2359 2359 2359 2359 2359 2359 2359 2359 2359 2359 2359 2359 2359 2359 2359 2359 2359 2359 2378 2378 2378 2378 2378 2378 2379 2353 2378 2378 2378 2378 2378 2378 2378 2353 2378 2378 2400 2359 2359 2359 2359 2359 2359 2359 2359 2359 2359 2359 2359 2359 2359 2359 2359 2359 2359 2359 2359 2359 2359 2359 2359 2359 2359 2359 2359 2359 2359 2359 2359 2359 2359]
 [2359 2359 2359 2359 2359 2359 2359 2359 2359 2359 2359 2359 2359 2359 2359 2359 2359 2359 2359 2359 2359 2359 2359 2359 2359 2359 2378 2378 2378 2378 2378 2378 2378 2378 2378 2378 2378 2378  115 2378 2378 2378 2378 2378 2400 2359 2359 2359 2359 2359 2359 2359 2359 2359 2359 2359 2359 2359 2359 2359 2359 2359 2359 2359 2359 2359 2359 2359 2359 2359 2359 2359 2359 2359 2359 2359 2359 2359 2359]
 [2359 2359 2359 2359 2359 2359 2359 2359 2359 2359 2359 2359 2359 2359 2359 2359 2359 2359 2359 2359 2359 2359 2359 2359 2359 2359 2378 2378 2378 2378 2378 2378 2378 2378 2378 2378 2378 2382 2378   87 2378 2378 2378 2378 2400 2359 2359 2359 2359 2359 2359 2359 2359 2359 2359 2359 2359 2359 2359 2359 2359 2359 2359 2359 2359 2359 2359 2359 2359 2359 2359 2359 2359 2359 2359 2359 2359 2359 2359]
 [2359 2359 2359 2359 2359 2359 2359 2359 2359 2359 2359 2359 2359 2359 2359 2359 2359 2359 2359 2359 2359 2359 2359 2359 2359 2359 2378 2378 2378 2378 2378 2378 2378 2378 2378 2378 2378 2378  115  337 2378 2378 2378 2378 2400 2359 2359 2359 2359 2359 2359 2359 2359 2359 2359 2359 2359 2359 2359 2359 2359 2359 2359 2359 2359 2359 2359 2359 2359 2359 2359 2359 2359 2359 2359 2359 2359 2359 2359]
 [2359 2359 2359 2359 2359 2359 2359 2359 2359 2359 2359 2359 2359 2359 2359 2359 2359 2359 2359 2359 2359 2359 2359 2359 2359 2359 2359 2359 2359 2359 2359 2359 2359 2359 2359 2359 2359 2359 2359 2359 2359 2359 2359 2359 2359 2359 2359 2359 2359 2359 2359 2359 2359 2359 2359 2359 2359 2359 2359 2359 2359 2359 2359 2359 2359 2359 2359 2359 2359 2359 2359 2359 2359 2359 2359 2359 2359 2359 2359]
 [2359 2359 2359 2359 2359 2359 2359 2359 2359 2359 2359 2359 2359 2359 2359 2359 2359 2359 2359 2359 2359 2359 2359 2359 2359 2359 2359 2359 2359 2359 2359 2359 2359 2359 2359 2359 2359 2359 2359 2359 2359 2359 2359 2359 2359 2359 2359 2359 2359 2359 2359 2359 2359 2359 2359 2359 2359 2359 2359 2359 2359 2359 2359 2359 2359 2359 2359 2359 2359 2359 2359 2359 2359 2359 2359 2359 2359 2359 2359]
 [2359 2359 2359 2359 2359 2359 2359 2359 2359 2359 2359 2359 2359 2359 2359 2359 2359 2359 2359 2359 2359 2359 2359 2359 2359 2359 2359 2359 2359 2359 2359 2359 2359 2359 2359 2359 2359 2359 2359 2359 2359 2359 2359 2359 2359 2359 2359 2359 2359 2359 2359 2359 2359 2359 2359 2359 2359 2359 2359 2359 2359 2359 2359 2359 2359 2359 2359 2359 2359 2359 2359 2359 2359 2359 2359 2359 2359 2359 2359]
 [2359 2359 2359 2359 2359 2359 2359 2359 2359 2359 2359 2359 2359 2359 2359 2359 2359 2359 2359 2359 2359 2359 2359 2359 2359 2359 2359 2359 2359 2359 2359 2359 2359 2359 2359 2359 2359 2359 2359 2359 2359 2359 2359 2359 2359 2359 2359 2359 2359 2359 2359 2359 2359 2359 2359 2359 2359 2359 2359 2359 2359 2359 2359 2359 2359 2359 2359 2359 2359 2359 2359 2359 2359 2359 2359 2359 2359 2359 2359]
 [2359 2359 2359 2359 2359 2359 2359 2359 2359 2359 2359 2359 2359 2359 2359 2359 2359 2359 2359 2359 2359 2359 2359 2359 2359 2359 2359 2359 2359 2359 2359 2359 2359 2359 2359 2359 2359 2359 2359 2359 2359 2359 2359 2359 2359 2359 2359 2359 2359 2359 2359 2359 2359 2359 2359 2359 2359 2359 2359 2359 2359 2359 2359 2359 2359 2359 2359 2359 2359 2359 2359 2359 2359 2359 2359 2359 2359 2359 2359]
 [2359 2359 2359 2359 2359 2359 2359 2359 2359 2359 2359 2359 2359 2359 2359 2359 2359 2359 2359 2359 2359 2359 2359 2359 2359 2359 2359 2359 2359 2359 2359 2359 2359 2359 2359 2359 2359 2359 2359 2359 2359 2359 2359 2359 2359 2359 2359 2359 2359 2359 2359 2359 2359 2359 2359 2359 2359 2359 2359 2359 2359 2359 2359 2359 2359 2359 2359 2359 2359 2359 2359 2359 2359 2359 2359 2359 2359 2359 2359]
 [2359 2359 2359 2359 2359 2359 2359 2359 2359 2359 2359 2359 2359 2359 2359 2359 2359 2359 2359 2359 2359 2359 2359 2359 2359 2359 2359 2359 2359 2359 2359 2359 2359 2359 2359 2359 2359 2359 2359 2359 2359 2359 2359 2359 2359 2359 2359 2359 2359 2359 2359 2359 2359 2359 2359 2359 2359 2359 2359 2359 2359 2359 2359 2359 2359 2359 2359 2359 2359 2359 2359 2359 2359 2359 2359 2359 2359 2359 2359]]

