[[2359 2359 2359 2359 2359 2359 2359 2359 2359 2359 2359 2359 2359 2359
  2359 2359 2359 2359 2359 2359 2359 2359 2359 2359 2359 2359 2359 2359
  2359 2359 2359 2359 2359 2359 2359 2359 2359 2359 2359 2359 2359 2359
  2359 2359 2359 2359 2359 2359 2359 2359 2359 2359 2359 2359 2359 2359
  2359 2359 2359 2359 2359 2359 2359 2359 2359 2359 2359 2359 2359 2359
  2359 2359 2359 2359 2359 2359 2359 2359 2359]
 [2359 2359 2359 2359 2359 2359 2359 2359 2359 2359 2359 2359 2359 2359
  2359 2359 2359 2359 2359 2359 2359 2359 2359 2359 2359 2359 2359 2359
  2359 2359 2359 2359 2359 2359 2359 2359 2359 2359 2359 2359 2359 2359
  2359 2359 2359 2359 2359 2359 2359 2359 2359 2359 2359 2359 2359 2359
  2359 2359 2359 2359 2359 2359 2359 2359 2359 2359 2359 2359 2359 2359
  2359 2359 2359 2359 2359 2359 2359 2359 2359]
 [2359 2359 2359 2359 2359 2359 2359 2359 2359 2359 2359 2359 2359 2359
  2359 2359 2359 2359 2359 2359 2359 2359 2359 2359 2359 2359 2359 2359
  2359 2359 2359 2359 2359 2359 2359 2359 2359 2359 2359 2359 2359 2359
  2359 2359 2359 2359 2359 2359 2359 2359 2359 2359 2359 2359 2359 2359
  2359 2359 2359 2359 2359 2359 2359 2359 2359 2359 2359 2359 2359 2359
  2359 2359 2359 2359 2359 2359 2359 2359 2359]
 [2359 2359 2359 2359 2359 2359 2359 2359 2359 2359 2359 2359 2359 2359
  2359 2359 2359 2359 2359 2359 2359 2359 2359 2359 2359 2359 2359 2359
  2359 2359 2359 2359 2359 2359 2359 2359 2359 2359 2359 2359 2359 2359
  2359 2359 2359 2359 2359 2359 2359 2359 2359 2359 2359 2359 2359 2359
  2359 2359 2359 2359 2359 2359 2359 2359 2359 2359 2359 2359 2359 2359
  2359 2359 2359 2359 2359 2359 2359 2359 2359]
 [2359 2359 2359 2359 2359 2359 2359 2359 2359 2359 2359 2359 2359 2359
  2359 2359 2359 2359 2359 2359 2359 2359 2359 2359 2359 2359 2359 2359
  2359 2359 2359 2359 2359 2359 2359 2359 2359 2359 2359 2359 2359 2359
  2359 2359 2359 2359 2359 2359 2359 2359 2359 2359 2359 2359 2359 2359
  2359 2359 2359 2359 2359 2359 2359 2359 2359 2359 2359 2359 2359 2359
  2359 2359 2359 2359 2359 2359 2359 2359 2359]
 [2359 2359 2359 2359 2359 2359 2359 2359 2359 2359 2359 2359 2359 2359
  2359 2359 2359 2359 2359 2359 2359 2359 2359 2359 2359 2359 2359 2359
  2359 2359 2359 2359 2359 2359 2359 2359 2359 2359 2359 2359 2359 2359
  2359 2359 2359 2359 2359 2359 2359 2359 2359 2359 2359 2359 2359 2359
  2359 2359 2359 2359 2359 2359 2359 2359 2359 2359 2359 2359 2359 2359
  2359 2359 2359 2359 2359 2359 2359 2359 2359]
 [2359 2359 2359 2359 2359 2359 2359 2359 2359 2359 2359 2359 2359 2359
  2359 2359 2359 2359 2359 2359 2359 2359 2359 2359 2359 2359 2359 2359
  2359 2359 2359 2359 2359 2359 2359 2359 2359 2359 2359 2359 2359 2359
  2359 2359 2359 2359 2359 2359 2359 2359 2359 2359 2359 2359 2359 2359
  2359 2359 2359 2359 2359 2359 2359 2359 2359 2359 2359 2359 2359 2359
  2359 2359 2359 2359 2359 2359 2359 2359 2359]
 [2359 2359 2359 2359 2359 2359 2359 2359 2359 2359 2359 2359 2359 2359
  2359 2359 2359 2359 2359 2359 2359 2359 2359 2359 2359 2359 2359 2378
  2378 2378 2378 2378 2378 2378 2378 2378 2378 2378 2379 2359 2378 2378
  2378 2378 2400 2359 2359 2359 2359 2359 2359 2359 2359 2359 2359 2359
  2359 2359 2359 2359 2359 2359 2359 2359 2359 2359 2359 2359 2359 2359
  2359 2359 2359 2359 2359 2359 2359 2359 2359]
 [2359 2359 2359 2359 2359 2359 2359 2359 2359 2359 2359 2359 2359 2359
  2359 2359 2359 2359 2359 2359 2359 2359 2359 2359 2359 2359 2359 2359
  2353 2378 2378 2378 2378 2378 2378 2378 2378 2378 2359 2353 2378 2378
  2378 2378 2400 2359 2359 2359 2359 2359 2359 2359 2359 2359 2359 2359
  2359 2359 2359 2359 2359 2359 2359 2359 2359 2359 2359 2359 2359 2359
  2359 2359 2359 2359 2359 2359 2359 2359 2359]
 [2359 2359 2359 2359 2359 2359 2359 2359 2359 2359 2359 2359 2359 2359
  2359 2359 2359 2359 2359 2359 2359 2359 2359 2359 2359 2359 2378 2378
  2378 2378 2378 2378 2378 2378 2378 2378 2378 2378 2353 2378 2378 2378
  2378 2379 2400 2359 2359 2359 2359 2359 2359 2359 2359 2359 2359 2359
  2359 2359 2359 2359 2359 2359 2359 2359 2359 2359 2359 2359 2359 2359
  2359 2359 2359 2359 2359 2359 2359 2359 2359]
 [2359 2359 2359 2359 2359 2359 2359 2359 2359 2359 2359 2359 2359 2359
  2359 2359 2359 2359 2359 2359 2359 2359 2359 2359 2359 2359 2378 2378
  2378 2378 2378 2378 2378 2378 2378 2378 2378 2382 2378 2378 2378 2353
  2359 2359 2400 2359 2359 2359 2359 2359 2359 2359 2359 2359 2359 2359
  2359 2359 2359 2359 2359 2359 2359 2359 2359 2359 2359 2359 2359 2359
  2359 2359 2359 2359 2359 2359 2359 2359 2359]
 [2359 2359 2359 2359 2359 2359 2359 2359 2359 2359 2359 2359 2359 2359
  2359 2359 2359 2359 2359 2359 2359 2359 2359 2359 2359 2359 2359 2353
  2378 2378 2378 2378 2378 2378 2378 2378 2378 2378  337 2378 2378 2378
  2378 2378 2400 2359 2359 2359 2359 2359 2359 2359 2359 2359 2359 2359
  2359 2359 2359 2359 2359 2359 2359 2359 2359 2359 2359 2359 2359 2359
  2359 2359 2359 2359 2359 2359 2359 2359 2359]
 [2359 2359 2359 2359 2359 2359 2359 2359 2359 2359 2359 2359 2359 2359
  2359 2359 2359 2359 2359 2359 2359 2359 2359 2359 2359 2359 2378 2378
  2378 2378 2378 2378 2378 2378 2378 2378 2378 2378   87 2378 2378  115
  2378 2378 2400 2359 2359 2359 2359 2359 2359 2359 2359 2359 2359 2359
  2359 2359 2359 2359 2359 2359 2359 2359 2359 2359 2359 2359 2359 2359
  2359 2359 2359 2359 2359 2359 2359 2359 2359]
 [2359 2359 2359 2359 2359 2359 2359 2359 2359 2359 2359 2359 2359 2359
  2359 2359 2359 2359 2359 2359 2359 2359 2359 2359 2359 2359 2378 2378
  2378 2378  155   13 2378 2378 2378 2378 2378 2378 2378 2378  115 2378
  2378 2378 2400 2359 2359 2359 2359 2359 2359 2359 2359 2359 2359 2359
  2359 2359 2359 2359 2359 2359 2359 2359 2359 2359 2359 2359 2359 2359
  2359 2359 2359 2359 2359 2359 2359 2359 2359]
 [2359 2359 2359 2359 2359 2359 2359 2359 2359 2359 2359 2359 2359 2359
  2359 2359 2359 2359 2359 2359 2359 2359 2359 2359 2359 2359 2359 2359
  2359 2359 2359 2359 2359 2359 2359 2359 2359 2359 2359 2359 2359 2359
  2359 2359 2359 2359 2359 2359 2359 2359 2359 2359 2359 2359 2359 2359
  2359 2359 2359 2359 2359 2359 2359 2359 2359 2359 2359 2359 2359 2359
  2359 2359 2359 2359 2359 2359 2359 2359 2359]
 [2359 2359 2359 2359 2359 2359 2359 2359 2359 2359 2359 2359 2359 2359
  2359 2359 2359 2359 2359 2359 2359 2359 2359 2359 2359 2359 2359 2359
  2359 2359 2359 2359 2359 2359 2359 2359 2359 2359 2359 2359 2359 2359
  2359 2359 2359 2359 2359 2359 2359 2359 2359 2359 2359 2359 2359 2359
  2359 2359 2359 2359 2359 2359 2359 2359 2359 2359 2359 2359 2359 2359
  2359 2359 2359 2359 2359 2359 2359 2359 2359]
 [2359 2359 2359 2359 2359 2359 2359 2359 2359 2359 2359 2359 2359 2359
  2359 2359 2359 2359 2359 2359 2359 2359 2359 2359 2359 2359 2359 2359
  2359 2359 2359 2359 2359 2359 2359 2359 2359 2359 2359 2359 2359 2359
  2359 2359 2359 2359 2359 2359 2359 2359 2359 2359 2359 2359 2359 2359
  2359 2359 2359 2359 2359 2359 2359 2359 2359 2359 2359 2359 2359 2359
  2359 2359 2359 2359 2359 2359 2359 2359 2359]
 [2359 2359 2359 2359 2359 2359 2359 2359 2359 2359 2359 2359 2359 2359
  2359 2359 2359 2359 2359 2359 2359 2359 2359 2359 2359 2359 2359 2359
  2359 2359 2359 2359 2359 2359 2359 2359 2359 2359 2359 2359 2359 2359
  2359 2359 2359 2359 2359 2359 2359 2359 2359 2359 2359 2359 2359 2359
  2359 2359 2359 2359 2359 2359 2359 2359 2359 2359 2359 2359 2359 2359
  2359 2359 2359 2359 2359 2359 2359 2359 2359]
 [2359 2359 2359 2359 2359 2359 2359 2359 2359 2359 2359 2359 2359 2359
  2359 2359 2359 2359 2359 2359 2359 2359 2359 2359 2359 2359 2359 2359
  2359 2359 2359 2359 2359 2359 2359 2359 2359 2359 2359 2359 2359 2359
  2359 2359 2359 2359 2359 2359 2359 2359 2359 2359 2359 2359 2359 2359
  2359 2359 2359 2359 2359 2359 2359 2359 2359 2359 2359 2359 2359 2359
  2359 2359 2359 2359 2359 2359 2359 2359 2359]
 [2359 2359 2359 2359 2359 2359 2359 2359 2359 2359 2359 2359 2359 2359
  2359 2359 2359 2359 2359 2359 2359 2359 2359 2359 2359 2359 2359 2359
  2359 2359 2359 2359 2359 2359 2359 2359 2359 2359 2359 2359 2359 2359
  2359 2359 2359 2359 2359 2359 2359 2359 2359 2359 2359 2359 2359 2359
  2359 2359 2359 2359 2359 2359 2359 2359 2359 2359 2359 2359 2359 2359
  2359 2359 2359 2359 2359 2359 2359 2359 2359]
 [2359 2359 2359 2359 2359 2359 2359 2359 2359 2359 2359 2359 2359 2359
  2359 2359 2359 2359 2359 2359 2359 2359 2359 2359 2359 2359 2359 2359
  2359 2359 2359 2359 2359 2359 2359 2359 2359 2359 2359 2359 2359 2359
  2359 2359 2359 2359 2359 2359 2359 2359 2359 2359 2359 2359 2359 2359
  2359 2359 2359 2359 2359 2359 2359 2359 2359 2359 2359 2359 2359 2359
  2359 2359 2359 2359 2359 2359 2359 2359 2359]]

[[2359 2359 2359 2359 2359 2359 2359 2359 2359 2359 2359 2359 2359 2359
  2359 2359 2359 2359 2359 2359 2359 2359 2359 2359 2359 2359 2359 2359
  2359 2359 2359 2359 2359 2359 2359 2359 2359 2359 2359 2359 2359 2359
  2359 2359 2359 2359 2359 2359 2359 2359 2359 2359 2359 2359 2359 2359
  2359 2359 2359 2359 2359 2359 2359 2359 2359 2359 2359 2359 2359 2359
  2359 2359 2359 2359 2359 2359 2359 2359 2359]
 [2359 2359 2359 2359 2359 2359 2359 2359 2359 2359 2359 2359 2359 2359
  2359 2359 2359 2359 2359 2359 2359 2359 2359 2359 2359 2359 2359 2359
  2359 2359 2359 2359 2359 2359 2359 2359 2359 2359 2359 2359 2359 2359
  2359 2359 2359 2359 2359 2359 2359 2359 2359 2359 2359 2359 2359 2359
  2359 2359 2359 2359 2359 2359 2359 2359 2359 2359 2359 2359 2359 2359
  2359 2359 2359 2359 2359 2359 2359 2359 2359]
 [2359 2359 2359 2359 2359 2359 2359 2359 2359 2359 2359 2359 2359 2359
  2359 2359 2359 2359 2359 2359 2359 2359 2359 2359 2359 2359 2359 2359
  2359 2359 2359 2359 2359 2359 2359 2359 2359 2359 2359 2359 2359 2359
  2359 2359 2359 2359 2359 2359 2359 2359 2359 2359 2359 2359 2359 2359
  2359 2359 2359 2359 2359 2359 2359 2359 2359 2359 2359 2359 2359 2359
  2359 2359 2359 2359 2359 2359 2359 2359 2359]
 [2359 2359 2359 2359 2359 2359 2359 2359 2359 2359 2359 2359 2359 2359
  2359 2359 2359 2359 2359 2359 2359 2359 2359 2359 2359 2359 2359 2359
  2359 2359 2359 2359 2359 2359 2359 2359 2359 2359 2359 2359 2359 2359
  2359 2359 2359 2359 2359 2359 2359 2359 2359 2359 2359 2359 2359 2359
  2359 2359 2359 2359 2359 2359 2359 2359 2359 2359 2359 2359 2359 2359
  2359 2359 2359 2359 2359 2359 2359 2359 2359]
 [2359 2359 2359 2359 2359 2359 2359 2359 2359 2359 2359 2359 2359 2359
  2359 2359 2359 2359 2359 2359 2359 2359 2359 2359 2359 2359 2359 2359
  2359 2359 2359 2359 2359 2359 2359 2359 2359 2359 2359 2359 2359 2359
  2359 2359 2359 2359 2359 2359 2359 2359 2359 2359 2359 2359 2359 2359
  2359 2359 2359 2359 2359 2359 2359 2359 2359 2359 2359 2359 2359 2359
  2359 2359 2359 2359 2359 2359 2359 2359 2359]
 [2359 2359 2359 2359 2359 2359 2359 2359 2359 2359 2359 2359 2359 2359
  2359 2359 2359 2359 2359 2359 2359 2359 2359 2359 2359 2359 2359 2359
  2359 2359 2359 2359 2359 2359 2359 2359 2359 2359 2359 2359 2359 2359
  2359 2359 2359 2359 2359 2359 2359 2359 2359 2359 2359 2359 2359 2359
  2359 2359 2359 2359 2359 2359 2359 2359 2359 2359 2359 2359 2359 2359
  2359 2359 2359 2359 2359 2359 2359 2359 2359]
 [2359 2359 2359 2359 2359 2359 2359 2359 2359 2359 2359 2359 2359 2359
  2359 2359 2359 2359 2359 2359 2359 2359 2359 2359 2359 2359 2359 2359
  2359 2359 2359 2359 2359 2359 2359 2359 2359 2359 2359 2359 2359 2359
  2359 2359 2359 2359 2359 2359 2359 2359 2359 2359 2359 2359 2359 2359
  2359 2359 2359 2359 2359 2359 2359 2359 2359 2359 2359 2359 2359 2359
  2359 2359 2359 2359 2359 2359 2359 2359 2359]
 [2359 2359 2359 2359 2359 2359 2359 2359 2359 2359 2359 2359 2359 2359
  2359 2359 2359 2359 2359 2359 2359 2359 2359 2359 2359 2359 2359 2378
  2378 2378 2378 2378 2378 2378 2378 2378 2378 2379 2379 2359 2378 2378
  2378 2379 2400 2359 2359 2359 2359 2359 2359 2359 2359 2359 2359 2359
  2359 2359 2359 2359 2359 2359 2359 2359 2359 2359 2359 2359 2359 2359
  2359 2359 2359 2359 2359 2359 2359 2359 2359]
 [2359 2359 2359 2359 2359 2359 2359 2359 2359 2359 2359 2359 2359 2359
  2359 2359 2359 2359 2359 2359 2359 2359 2359 2359 2359 2359 2378 2359
  2353 2378 2378 2378 2378 2378 2378 2378 2378 2378 2359 2353 2378 2378
  2379 2379 2400 2359 2359 2359 2359 2359 2359 2359 2359 2359 2359 2359
  2359 2359 2359 2359 2359 2359 2359 2359 2359 2359 2359 2359 2359 2359
  2359 2359 2359 2359 2359 2359 2359 2359 2359]
 [2359 2359 2359 2359 2359 2359 2359 2359 2359 2359 2359 2359 2359 2359
  2359 2359 2359 2359 2359 2359 2359 2359 2359 2359 2359 2359 2378 2378
  2378 2378 2378 2378 2378 2378 2378 2378 2378 2378 2353 2378 2378 2378
  2379 2379 2400 2359 2359 2359 2359 2359 2359 2359 2359 2359 2359 2359
  2359 2359 2359 2359 2359 2359 2359 2359 2359 2359 2359 2359 2359 2359
  2359 2359 2359 2359 2359 2359 2359 2359 2359]
 [2359 2359 2359 2359 2359 2359 2359 2359 2359 2359 2359 2359 2359 2359
  2359 2359 2359 2359 2359 2359 2359 2359 2359 2359 2359 2359 2378 2378
  2378 2378 2378 2378 2378 2378 2378 2378 2378 2382 2378 2378 2378 2353
  2378 2378 2400 2359 2359 2359 2359 2359 2359 2359 2359 2359 2359 2359
  2359 2359 2359 2359 2359 2359 2359 2359 2359 2359 2359 2359 2359 2359
  2359 2359 2359 2359 2359 2359 2359 2359 2359]
 [2359 2359 2359 2359 2359 2359 2359 2359 2359 2359 2359 2359 2359 2359
  2359 2359 2359 2359 2359 2359 2359 2359 2359 2359 2359 2359 2359 2353
  2378 2378 2378 2378 2378 2378 2378 2378 2378 2378 2378 2378 2378 2378
  2378 2378 2400 2359 2359 2359 2359 2359 2359 2359 2359 2359 2359 2359
  2359 2359 2359 2359 2359 2359 2359 2359 2359 2359 2359 2359 2359 2359
  2359 2359 2359 2359 2359 2359 2359 2359 2359]
 [2359 2359 2359 2359 2359 2359 2359 2359 2359 2359 2359 2359 2359 2359
  2359 2359 2359 2359 2359 2359 2359 2359 2359 2359 2359 2359 2378 2378
  2378 2378 2378 2378 2378   13 2378 2378 2378 2378   87  337  115 2378
  2378 2378 2400 2359 2359 2359 2359 2359 2359 2359 2359 2359 2359 2359
  2359 2359 2359 2359 2359 2359 2359 2359 2359 2359 2359 2359 2359 2359
  2359 2359 2359 2359 2359 2359 2359 2359 2359]
 [2359 2359 2359 2359 2359 2359 2359 2359 2359 2359 2359 2359 2359 2359
  2359 2359 2359 2359 2359 2359 2359 2359 2359 2359 2359 2359 2378 2378
  2378 2378  155 2378 2378 2378 2378 2378 2378 2378 2378  115 2378 2378
  2378 2378 2400 2359 2359 2359 2359 2359 2359 2359 2359 2359 2359 2359
  2359 2359 2359 2359 2359 2359 2359 2359 2359 2359 2359 2359 2359 2359
  2359 2359 2359 2359 2359 2359 2359 2359 2359]
 [2359 2359 2359 2359 2359 2359 2359 2359 2359 2359 2359 2359 2359 2359
  2359 2359 2359 2359 2359 2359 2359 2359 2359 2359 2359 2359 2359 2359
  2359 2359 2359 2359 2359 2359 2359 2359 2359 2359 2359 2359 2359 2359
  2359 2359 2359 2359 2359 2359 2359 2359 2359 2359 2359 2359 2359 2359
  2359 2359 2359 2359 2359 2359 2359 2359 2359 2359 2359 2359 2359 2359
  2359 2359 2359 2359 2359 2359 2359 2359 2359]
 [2359 2359 2359 2359 2359 2359 2359 2359 2359 2359 2359 2359 2359 2359
  2359 2359 2359 2359 2359 2359 2359 2359 2359 2359 2359 2359 2359 2359
  2359 2359 2359 2359 2359 2359 2359 2359 2359 2359 2359 2359 2359 2359
  2359 2359 2359 2359 2359 2359 2359 2359 2359 2359 2359 2359 2359 2359
  2359 2359 2359 2359 2359 2359 2359 2359 2359 2359 2359 2359 2359 2359
  2359 2359 2359 2359 2359 2359 2359 2359 2359]
 [2359 2359 2359 2359 2359 2359 2359 2359 2359 2359 2359 2359 2359 2359
  2359 2359 2359 2359 2359 2359 2359 2359 2359 2359 2359 2359 2359 2359
  2359 2359 2359 2359 2359 2359 2359 2359 2359 2359 2359 2359 2359 2359
  2359 2359 2359 2359 2359 2359 2359 2359 2359 2359 2359 2359 2359 2359
  2359 2359 2359 2359 2359 2359 2359 2359 2359 2359 2359 2359 2359 2359
  2359 2359 2359 2359 2359 2359 2359 2359 2359]
 [2359 2359 2359 2359 2359 2359 2359 2359 2359 2359 2359 2359 2359 2359
  2359 2359 2359 2359 2359 2359 2359 2359 2359 2359 2359 2359 2359 2359
  2359 2359 2359 2359 2359 2359 2359 2359 2359 2359 2359 2359 2359 2359
  2359 2359 2359 2359 2359 2359 2359 2359 2359 2359 2359 2359 2359 2359
  2359 2359 2359 2359 2359 2359 2359 2359 2359 2359 2359 2359 2359 2359
  2359 2359 2359 2359 2359 2359 2359 2359 2359]
 [2359 2359 2359 2359 2359 2359 2359 2359 2359 2359 2359 2359 2359 2359
  2359 2359 2359 2359 2359 2359 2359 2359 2359 2359 2359 2359 2359 2359
  2359 2359 2359 2359 2359 2359 2359 2359 2359 2359 2359 2359 2359 2359
  2359 2359 2359 2359 2359 2359 2359 2359 2359 2359 2359 2359 2359 2359
  2359 2359 2359 2359 2359 2359 2359 2359 2359 2359 2359 2359 2359 2359
  2359 2359 2359 2359 2359 2359 2359 2359 2359]
 [2359 2359 2359 2359 2359 2359 2359 2359 2359 2359 2359 2359 2359 2359
  2359 2359 2359 2359 2359 2359 2359 2359 2359 2359 2359 2359 2359 2359
  2359 2359 2359 2359 2359 2359 2359 2359 2359 2359 2359 2359 2359 2359
  2359 2359 2359 2359 2359 2359 2359 2359 2359 2359 2359 2359 2359 2359
  2359 2359 2359 2359 2359 2359 2359 2359 2359 2359 2359 2359 2359 2359
  2359 2359 2359 2359 2359 2359 2359 2359 2359]
 [2359 2359 2359 2359 2359 2359 2359 2359 2359 2359 2359 2359 2359 2359
  2359 2359 2359 2359 2359 2359 2359 2359 2359 2359 2359 2359 2359 2359
  2359 2359 2359 2359 2359 2359 2359 2359 2359 2359 2359 2359 2359 2359
  2359 2359 2359 2359 2359 2359 2359 2359 2359 2359 2359 2359 2359 2359
  2359 2359 2359 2359 2359 2359 2359 2359 2359 2359 2359 2359 2359 2359
  2359 2359 2359 2359 2359 2359 2359 2359 2359]]

[[2359 2359 2359 2359 2359 2359 2359 2359 2359 2359 2359 2359 2359 2359
  2359 2359 2359 2359 2359 2359 2359 2359 2359 2359 2359 2359 2359 2359
  2359 2359 2359 2359 2359 2359 2359 2359 2359 2359 2359 2359 2359 2359
  2359 2359 2359 2359 2359 2359 2359 2359 2359 2359 2359 2359 2359 2359
  2359 2359 2359 2359 2359 2359 2359 2359 2359 2359 2359 2359 2359 2359
  2359 2359 2359 2359 2359 2359 2359 2359 2359]
 [2359 2359 2359 2359 2359 2359 2359 2359 2359 2359 2359 2359 2359 2359
  2359 2359 2359 2359 2359 2359 2359 2359 2359 2359 2359 2359 2359 2359
  2359 2359 2359 2359 2359 2359 2359 2359 2359 2359 2359 2359 2359 2359
  2359 2359 2359 2359 2359 2359 2359 2359 2359 2359 2359 2359 2359 2359
  2359 2359 2359 2359 2359 2359 2359 2359 2359 2359 2359 2359 2359 2359
  2359 2359 2359 2359 2359 2359 2359 2359 2359]
 [2359 2359 2359 2359 2359 2359 2359 2359 2359 2359 2359 2359 2359 2359
  2359 2359 2359 2359 2359 2359 2359 2359 2359 2359 2359 2359 2359 2359
  2359 2359 2359 2359 2359 2359 2359 2359 2359 2359 2359 2359 2359 2359
  2359 2359 2359 2359 2359 2359 2359 2359 2359 2359 2359 2359 2359 2359
  2359 2359 2359 2359 2359 2359 2359 2359 2359 2359 2359 2359 2359 2359
  2359 2359 2359 2359 2359 2359 2359 2359 2359]
 [2359 2359 2359 2359 2359 2359 2359 2359 2359 2359 2359 2359 2359 2359
  2359 2359 2359 2359 2359 2359 2359 2359 2359 2359 2359 2359 2359 2359
  2359 2359 2359 2359 2359 2359 2359 2359 2359 2359 2359 2359 2359 2359
  2359 2359 2359 2359 2359 2359 2359 2359 2359 2359 2359 2359 2359 2359
  2359 2359 2359 2359 2359 2359 2359 2359 2359 2359 2359 2359 2359 2359
  2359 2359 2359 2359 2359 2359 2359 2359 2359]
 [2359 2359 2359 2359 2359 2359 2359 2359 2359 2359 2359 2359 2359 2359
  2359 2359 2359 2359 2359 2359 2359 2359 2359 2359 2359 2359 2359 2359
  2359 2359 2359 2359 2359 2359 2359 2359 2359 2359 2359 2359 2359 2359
  2359 2359 2359 2359 2359 2359 2359 2359 2359 2359 2359 2359 2359 2359
  2359 2359 2359 2359 2359 2359 2359 2359 2359 2359 2359 2359 2359 2359
  2359 2359 2359 2359 2359 2359 2359 2359 2359]
 [2359 2359 2359 2359 2359 2359 2359 2359 2359 2359 2359 2359 2359 2359
  2359 2359 2359 2359 2359 2359 2359 2359 2359 2359 2359 2359 2359 2359
  2359 2359 2359 2359 2359 2359 2359 2359 2359 2359 2359 2359 2359 2359
  2359 2359 2359 2359 2359 2359 2359 2359 2359 2359 2359 2359 2359 2359
  2359 2359 2359 2359 2359 2359 2359 2359 2359 2359 2359 2359 2359 2359
  2359 2359 2359 2359 2359 2359 2359 2359 2359]
 [2359 2359 2359 2359 2359 2359 2359 2359 2359 2359 2359 2359 2359 2359
  2359 2359 2359 2359 2359 2359 2359 2359 2359 2359 2359 2359 2359 2359
  2359 2359 2359 2359 2359 2359 2359 2359 2359 2359 2359 2359 2359 2359
  2359 2359 2359 2359 2359 2359 2359 2359 2359 2359 2359 2359 2359 2359
  2359 2359 2359 2359 2359 2359 2359 2359 2359 2359 2359 2359 2359 2359
  2359 2359 2359 2359 2359 2359 2359 2359 2359]
 [2359 2359 2359 2359 2359 2359 2359 2359 2359 2359 2359 2359 2359 2359
  2359 2359 2359 2359 2359 2359 2359 2359 2359 2359 2359 2359 2359 2378
  2378 2378 2378 2378 2378 2378 2378 2379 2379 2379 2378 2359 2378 2378
  2379 2379 2400 2359 2359 2359 2359 2359 2359 2359 2359 2359 2359 2359
  2359 2359 2359 2359 2359 2359 2359 2359 2359 2359 2359 2359 2359 2359
  2359 2359 2359 2359 2359 2359 2359 2359 2359]
 [2359 2359 2359 2359 2359 2359 2359 2359 2359 2359 2359 2359 2359 2359
  2359 2359 2359 2359 2359 2359 2359 2359 2359 2359 2359 2359 2379 2359
  2353 2378 2378 2378 2378 2378 2378 2378 2379 2379 2378 2353 2378 2378
  2379 2379 2400 2359 2359 2359 2359 2359 2359 2359 2359 2359 2359 2359
  2359 2359 2359 2359 2359 2359 2359 2359 2359 2359 2359 2359 2359 2359
  2359 2359 2359 2359 2359 2359 2359 2359 2359]
 [2359 2359 2359 2359 2359 2359 2359 2359 2359 2359 2359 2359 2359 2359
  2359 2359 2359 2359 2359 2359 2359 2359 2359 2359 2359 2359 2378 2378
  2378 2378 2378 2378 2378 2378 2378 2378 2378 2378 2353 2378 2378 2379
  2379 2379 2400 2359 2359 2359 2359 2359 2359 2359 2359 2359 2359 2359
  2359 2359 2359 2359 2359 2359 2359 2359 2359 2359 2359 2359 2359 2359
  2359 2359 2359 2359 2359 2359 2359 2359 2359]
 [2359 2359 2359 2359 2359 2359 2359 2359 2359 2359 2359 2359 2359 2359
  2359 2359 2359 2359 2359 2359 2359 2359 2359 2359 2359 2359 2378 2378
  2378 2378 2378 2378 2378 2378 2378 2378 2378 2382 2378 2378 2378 2353
  2379 2378 2400 2359 2359 2359 2359 2359 2359 2359 2359 2359 2359 2359
  2359 2359 2359 2359 2359 2359 2359 2359 2359 2359 2359 2359 2359 2359
  2359 2359 2359 2359 2359 2359 2359 2359 2359]
 [2359 2359 2359 2359 2359 2359 2359 2359 2359 2359 2359 2359 2359 2359
  2359 2359 2359 2359 2359 2359 2359 2359 2359 2359 2359 2359 2359 2353
  2378 2378 2378 2378 2378 2378 2378   13 2378 2378 2378   87  337 2378
  2378 2378 2400 2359 2359 2359 2359 2359 2359 2359 2359 2359 2359 2359
  2359 2359 2359 2359 2359 2359 2359 2359 2359 2359 2359 2359 2359 2359
  2359 2359 2359 2359 2359 2359 2359 2359 2359]
 [2359 2359 2359 2359 2359 2359 2359 2359 2359 2359 2359 2359 2359 2359
  2359 2359 2359 2359 2359 2359 2359 2359 2359 2359 2359 2359 2378 2378
  2378 2378 2378 2378 2378 2378 2378 2378 2378 2378 2378  115  115 2378
  2378 2378 2400 2359 2359 2359 2359 2359 2359 2359 2359 2359 2359 2359
  2359 2359 2359 2359 2359 2359 2359 2359 2359 2359 2359 2359 2359 2359
  2359 2359 2359 2359 2359 2359 2359 2359 2359]
 [2359 2359 2359 2359 2359 2359 2359 2359 2359 2359 2359 2359 2359 2359
  2359 2359 2359 2359 2359 2359 2359 2359 2359 2359 2359 2359 2378 2378
  2378 2378  155 2378 2378 2378 2378 2378 2378 2378 2378 2378 2378 2378
  2378 2378 2400 2359 2359 2359 2359 2359 2359 2359 2359 2359 2359 2359
  2359 2359 2359 2359 2359 2359 2359 2359 2359 2359 2359 2359 2359 2359
  2359 2359 2359 2359 2359 2359 2359 2359 2359]
 [2359 2359 2359 2359 2359 2359 2359 2359 2359 2359 2359 2359 2359 2359
  2359 2359 2359 2359 2359 2359 2359 2359 2359 2359 2359 2359 2359 2359
  2359 2359 2359 2359 2359 2359 2359 2359 2359 2359 2359 2359 2359 2359
  2359 2359 2359 2359 2359 2359 2359 2359 2359 2359 2359 2359 2359 2359
  2359 2359 2359 2359 2359 2359 2359 2359 2359 2359 2359 2359 2359 2359
  2359 2359 2359 2359 2359 2359 2359 2359 2359]
 [2359 2359 2359 2359 2359 2359 2359 2359 2359 2359 2359 2359 2359 2359
  2359 2359 2359 2359 2359 2359 2359 2359 2359 2359 2359 2359 2359 2359
  2359 2359 2359 2359 2359 2359 2359 2359 2359 2359 2359 2359 2359 2359
  2359 2359 2359 2359 2359 2359 2359 2359 2359 2359 2359 2359 2359 2359
  2359 2359 2359 2359 2359 2359 2359 2359 2359 2359 2359 2359 2359 2359
  2359 2359 2359 2359 2359 2359 2359 2359 2359]
 [2359 2359 2359 2359 2359 2359 2359 2359 2359 2359 2359 2359 2359 2359
  2359 2359 2359 2359 2359 2359 2359 2359 2359 2359 2359 2359 2359 2359
  2359 2359 2359 2359 2359 2359 2359 2359 2359 2359 2359 2359 2359 2359
  2359 2359 2359 2359 2359 2359 2359 2359 2359 2359 2359 2359 2359 2359
  2359 2359 2359 2359 2359 2359 2359 2359 2359 2359 2359 2359 2359 2359
  2359 2359 2359 2359 2359 2359 2359 2359 2359]
 [2359 2359 2359 2359 2359 2359 2359 2359 2359 2359 2359 2359 2359 2359
  2359 2359 2359 2359 2359 2359 2359 2359 2359 2359 2359 2359 2359 2359
  2359 2359 2359 2359 2359 2359 2359 2359 2359 2359 2359 2359 2359 2359
  2359 2359 2359 2359 2359 2359 2359 2359 2359 2359 2359 2359 2359 2359
  2359 2359 2359 2359 2359 2359 2359 2359 2359 2359 2359 2359 2359 2359
  2359 2359 2359 2359 2359 2359 2359 2359 2359]
 [2359 2359 2359 2359 2359 2359 2359 2359 2359 2359 2359 2359 2359 2359
  2359 2359 2359 2359 2359 2359 2359 2359 2359 2359 2359 2359 2359 2359
  2359 2359 2359 2359 2359 2359 2359 2359 2359 2359 2359 2359 2359 2359
  2359 2359 2359 2359 2359 2359 2359 2359 2359 2359 2359 2359 2359 2359
  2359 2359 2359 2359 2359 2359 2359 2359 2359 2359 2359 2359 2359 2359
  2359 2359 2359 2359 2359 2359 2359 2359 2359]
 [2359 2359 2359 2359 2359 2359 2359 2359 2359 2359 2359 2359 2359 2359
  2359 2359 2359 2359 2359 2359 2359 2359 2359 2359 2359 2359 2359 2359
  2359 2359 2359 2359 2359 2359 2359 2359 2359 2359 2359 2359 2359 2359
  2359 2359 2359 2359 2359 2359 2359 2359 2359 2359 2359 2359 2359 2359
  2359 2359 2359 2359 2359 2359 2359 2359 2359 2359 2359 2359 2359 2359
  2359 2359 2359 2359 2359 2359 2359 2359 2359]
 [2359 2359 2359 2359 2359 2359 2359 2359 2359 2359 2359 2359 2359 2359
  2359 2359 2359 2359 2359 2359 2359 2359 2359 2359 2359 2359 2359 2359
  2359 2359 2359 2359 2359 2359 2359 2359 2359 2359 2359 2359 2359 2359
  2359 2359 2359 2359 2359 2359 2359 2359 2359 2359 2359 2359 2359 2359
  2359 2359 2359 2359 2359 2359 2359 2359 2359 2359 2359 2359 2359 2359
  2359 2359 2359 2359 2359 2359 2359 2359 2359]]

[[2359 2359 2359 2359 2359 2359 2359 2359 2359 2359 2359 2359 2359 2359
  2359 2359 2359 2359 2359 2359 2359 2359 2359 2359 2359 2359 2359 2359
  2359 2359 2359 2359 2359 2359 2359 2359 2359 2359 2359 2359 2359 2359
  2359 2359 2359 2359 2359 2359 2359 2359 2359 2359 2359 2359 2359 2359
  2359 2359 2359 2359 2359 2359 2359 2359 2359 2359 2359 2359 2359 2359
  2359 2359 2359 2359 2359 2359 2359 2359 2359]
 [2359 2359 2359 2359 2359 2359 2359 2359 2359 2359 2359 2359 2359 2359
  2359 2359 2359 2359 2359 2359 2359 2359 2359 2359 2359 2359 2359 2359
  2359 2359 2359 2359 2359 2359 2359 2359 2359 2359 2359 2359 2359 2359
  2359 2359 2359 2359 2359 2359 2359 2359 2359 2359 2359 2359 2359 2359
  2359 2359 2359 2359 2359 2359 2359 2359 2359 2359 2359 2359 2359 2359
  2359 2359 2359 2359 2359 2359 2359 2359 2359]
 [2359 2359 2359 2359 2359 2359 2359 2359 2359 2359 2359 2359 2359 2359
  2359 2359 2359 2359 2359 2359 2359 2359 2359 2359 2359 2359 2359 2359
  2359 2359 2359 2359 2359 2359 2359 2359 2359 2359 2359 2359 2359 2359
  2359 2359 2359 2359 2359 2359 2359 2359 2359 2359 2359 2359 2359 2359
  2359 2359 2359 2359 2359 2359 2359 2359 2359 2359 2359 2359 2359 2359
  2359 2359 2359 2359 2359 2359 2359 2359 2359]
 [2359 2359 2359 2359 2359 2359 2359 2359 2359 2359 2359 2359 2359 2359
  2359 2359 2359 2359 2359 2359 2359 2359 2359 2359 2359 2359 2359 2359
  2359 2359 2359 2359 2359 2359 2359 2359 2359 2359 2359 2359 2359 2359
  2359 2359 2359 2359 2359 2359 2359 2359 2359 2359 2359 2359 2359 2359
  2359 2359 2359 2359 2359 2359 2359 2359 2359 2359 2359 2359 2359 2359
  2359 2359 2359 2359 2359 2359 2359 2359 2359]
 [2359 2359 2359 2359 2359 2359 2359 2359 2359 2359 2359 2359 2359 2359
  2359 2359 2359 2359 2359 2359 2359 2359 2359 2359 2359 2359 2359 2359
  2359 2359 2359 2359 2359 2359 2359 2359 2359 2359 2359 2359 2359 2359
  2359 2359 2359 2359 2359 2359 2359 2359 2359 2359 2359 2359 2359 2359
  2359 2359 2359 2359 2359 2359 2359 2359 2359 2359 2359 2359 2359 2359
  2359 2359 2359 2359 2359 2359 2359 2359 2359]
 [2359 2359 2359 2359 2359 2359 2359 2359 2359 2359 2359 2359 2359 2359
  2359 2359 2359 2359 2359 2359 2359 2359 2359 2359 2359 2359 2359 2359
  2359 2359 2359 2359 2359 2359 2359 2359 2359 2359 2359 2359 2359 2359
  2359 2359 2359 2359 2359 2359 2359 2359 2359 2359 2359 2359 2359 2359
  2359 2359 2359 2359 2359 2359 2359 2359 2359 2359 2359 2359 2359 2359
  2359 2359 2359 2359 2359 2359 2359 2359 2359]
 [2359 2359 2359 2359 2359 2359 2359 2359 2359 2359 2359 2359 2359 2359
  2359 2359 2359 2359 2359 2359 2359 2359 2359 2359 2359 2359 2359 2359
  2359 2359 2359 2359 2359 2359 2359 2359 2359 2359 2359 2359 2359 2359
  2359 2359 2359 2359 2359 2359 2359 2359 2359 2359 2359 2359 2359 2359
  2359 2359 2359 2359 2359 2359 2359 2359 2359 2359 2359 2359 2359 2359
  2359 2359 2359 2359 2359 2359 2359 2359 2359]
 [2359 2359 2359 2359 2359 2359 2359 2359 2359 2359 2359 2359 2359 2359
  2359 2359 2359 2359 2359 2359 2359 2359 2359 2359 2359 2359 2359 2379
  2379 2379 2379 2379 2379 2379 2379 2379 2379 2379 2379 2359 2378 2378
  2378 2378 2400 2359 2359 2359 2359 2359 2359 2359 2359 2359 2359 2359
  2359 2359 2359 2359 2359 2359 2359 2359 2359 2359 2359 2359 2359 2359
  2359 2359 2359 2359 2359 2359 2359 2359 2359]
 [2359 2359 2359 2359 2359 2359 2359 2359 2359 2359 2359 2359 2359 2359
  2359 2359 2359 2359 2359 2359 2359 2359 2359 2359 2359 2359 2379 2359
  2353 2378 2378 2378 2379 2379 2379 2379 2379 2379 2378 2353 2378 2378
  2378 2378 2400 2359 2359 2359 2359 2359 2359 2359 2359 2359 2359 2359
  2359 2359 2359 2359 2359 2359 2359 2359 2359 2359 2359 2359 2359 2359
  2359 2359 2359 2359 2359 2359 2359 2359 2359]
 [2359 2359 2359 2359 2359 2359 2359 2359 2359 2359 2359 2359 2359 2359
  2359 2359 2359 2359 2359 2359 2359 2359 2359 2359 2359 2359 2378 2378
  2378 2378 2378 2378 2378 2378 2378 2378 2379 2379 2353 2378 2378 2378
  2378 2379 2400 2359 2359 2359 2359 2359 2359 2359 2359 2359 2359 2359
  2359 2359 2359 2359 2359 2359 2359 2359 2359 2359 2359 2359 2359 2359
  2359 2359 2359 2359 2359 2359 2359 2359 2359]
 [2359 2359 2359 2359 2359 2359 2359 2359 2359 2359 2359 2359 2359 2359
  2359 2359 2359 2359 2359 2359 2359 2359 2359 2359 2359 2359 2378 2378
  2378 2378 2378 2378 2378 2378 2378 2378 2378   13 2378 2378  337 2353
  2379 2379 2400 2359 2359 2359 2359 2359 2359 2359 2359 2359 2359 2359
  2359 2359 2359 2359 2359 2359 2359 2359 2359 2359 2359 2359 2359 2359
  2359 2359 2359 2359 2359 2359 2359 2359 2359]
 [2359 2359 2359 2359 2359 2359 2359 2359 2359 2359 2359 2359 2359 2359
  2359 2359 2359 2359 2359 2359 2359 2359 2359 2359 2359 2359 2359 2353
  2378 2378 2378 2378 2378 2378 2378 2378 2378 2378 2378   87  115 2378
  2378 2379 2400 2359 2359 2359 2359 2359 2359 2359 2359 2359 2359 2359
  2359 2359 2359 2359 2359 2359 2359 2359 2359 2359 2359 2359 2359 2359
  2359 2359 2359 2359 2359 2359 2359 2359 2359]
 [2359 2359 2359 2359 2359 2359 2359 2359 2359 2359 2359 2359 2359 2359
  2359 2359 2359 2359 2359 2359 2359 2359 2359 2359 2359 2359 2378 2378
  2378 2378 2378 2378 2378 2378 2378 2378 2378 2378 2378 2378  115 2378
  2378 2378 2400 2359 2359 2359 2359 2359 2359 2359 2359 2359 2359 2359
  2359 2359 2359 2359 2359 2359 2359 2359 2359 2359 2359 2359 2359 2359
  2359 2359 2359 2359 2359 2359 2359 2359 2359]
 [2359 2359 2359 2359 2359 2359 2359 2359 2359 2359 2359 2359 2359 2359
  2359 2359 2359 2359 2359 2359 2359 2359 2359 2359 2359 2359 2378 2378
  2378 2378  155 2378 2378 2378 2378 2378 2378 2378 2378 2378 2378 2378
  2378 2378 2400 2359 2359 2359 2359 2359 2359 2359 2359 2359 2359 2359
  2359 2359 2359 2359 2359 2359 2359 2359 2359 2359 2359 2359 2359 2359
  2359 2359 2359 2359 2359 2359 2359 2359 2359]
 [2359 2359 2359 2359 2359 2359 2359 2359 2359 2359 2359 2359 2359 2359
  2359 2359 2359 2359 2359 2359 2359 2359 2359 2359 2359 2359 2359 2359
  2359 2359 2359 2359 2359 2359 2359 2359 2359 2359 2359 2359 2359 2359
  2359 2359 2359 2359 2359 2359 2359 2359 2359 2359 2359 2359 2359 2359
  2359 2359 2359 2359 2359 2359 2359 2359 2359 2359 2359 2359 2359 2359
  2359 2359 2359 2359 2359 2359 2359 2359 2359]
 [2359 2359 2359 2359 2359 2359 2359 2359 2359 2359 2359 2359 2359 2359
  2359 2359 2359 2359 2359 2359 2359 2359 2359 2359 2359 2359 2359 2359
  2359 2359 2359 2359 2359 2359 2359 2359 2359 2359 2359 2359 2359 2359
  2359 2359 2359 2359 2359 2359 2359 2359 2359 2359 2359 2359 2359 2359
  2359 2359 2359 2359 2359 2359 2359 2359 2359 2359 2359 2359 2359 2359
  2359 2359 2359 2359 2359 2359 2359 2359 2359]
 [2359 2359 2359 2359 2359 2359 2359 2359 2359 2359 2359 2359 2359 2359
  2359 2359 2359 2359 2359 2359 2359 2359 2359 2359 2359 2359 2359 2359
  2359 2359 2359 2359 2359 2359 2359 2359 2359 2359 2359 2359 2359 2359
  2359 2359 2359 2359 2359 2359 2359 2359 2359 2359 2359 2359 2359 2359
  2359 2359 2359 2359 2359 2359 2359 2359 2359 2359 2359 2359 2359 2359
  2359 2359 2359 2359 2359 2359 2359 2359 2359]
 [2359 2359 2359 2359 2359 2359 2359 2359 2359 2359 2359 2359 2359 2359
  2359 2359 2359 2359 2359 2359 2359 2359 2359 2359 2359 2359 2359 2359
  2359 2359 2359 2359 2359 2359 2359 2359 2359 2359 2359 2359 2359 2359
  2359 2359 2359 2359 2359 2359 2359 2359 2359 2359 2359 2359 2359 2359
  2359 2359 2359 2359 2359 2359 2359 2359 2359 2359 2359 2359 2359 2359
  2359 2359 2359 2359 2359 2359 2359 2359 2359]
 [2359 2359 2359 2359 2359 2359 2359 2359 2359 2359 2359 2359 2359 2359
  2359 2359 2359 2359 2359 2359 2359 2359 2359 2359 2359 2359 2359 2359
  2359 2359 2359 2359 2359 2359 2359 2359 2359 2359 2359 2359 2359 2359
  2359 2359 2359 2359 2359 2359 2359 2359 2359 2359 2359 2359 2359 2359
  2359 2359 2359 2359 2359 2359 2359 2359 2359 2359 2359 2359 2359 2359
  2359 2359 2359 2359 2359 2359 2359 2359 2359]
 [2359 2359 2359 2359 2359 2359 2359 2359 2359 2359 2359 2359 2359 2359
  2359 2359 2359 2359 2359 2359 2359 2359 2359 2359 2359 2359 2359 2359
  2359 2359 2359 2359 2359 2359 2359 2359 2359 2359 2359 2359 2359 2359
  2359 2359 2359 2359 2359 2359 2359 2359 2359 2359 2359 2359 2359 2359
  2359 2359 2359 2359 2359 2359 2359 2359 2359 2359 2359 2359 2359 2359
  2359 2359 2359 2359 2359 2359 2359 2359 2359]
 [2359 2359 2359 2359 2359 2359 2359 2359 2359 2359 2359 2359 2359 2359
  2359 2359 2359 2359 2359 2359 2359 2359 2359 2359 2359 2359 2359 2359
  2359 2359 2359 2359 2359 2359 2359 2359 2359 2359 2359 2359 2359 2359
  2359 2359 2359 2359 2359 2359 2359 2359 2359 2359 2359 2359 2359 2359
  2359 2359 2359 2359 2359 2359 2359 2359 2359 2359 2359 2359 2359 2359
  2359 2359 2359 2359 2359 2359 2359 2359 2359]]

[[2359 2359 2359 2359 2359 2359 2359 2359 2359 2359 2359 2359 2359 2359
  2359 2359 2359 2359 2359 2359 2359 2359 2359 2359 2359 2359 2359 2359
  2359 2359 2359 2359 2359 2359 2359 2359 2359 2359 2359 2359 2359 2359
  2359 2359 2359 2359 2359 2359 2359 2359 2359 2359 2359 2359 2359 2359
  2359 2359 2359 2359 2359 2359 2359 2359 2359 2359 2359 2359 2359 2359
  2359 2359 2359 2359 2359 2359 2359 2359 2359]
 [2359 2359 2359 2359 2359 2359 2359 2359 2359 2359 2359 2359 2359 2359
  2359 2359 2359 2359 2359 2359 2359 2359 2359 2359 2359 2359 2359 2359
  2359 2359 2359 2359 2359 2359 2359 2359 2359 2359 2359 2359 2359 2359
  2359 2359 2359 2359 2359 2359 2359 2359 2359 2359 2359 2359 2359 2359
  2359 2359 2359 2359 2359 2359 2359 2359 2359 2359 2359 2359 2359 2359
  2359 2359 2359 2359 2359 2359 2359 2359 2359]
 [2359 2359 2359 2359 2359 2359 2359 2359 2359 2359 2359 2359 2359 2359
  2359 2359 2359 2359 2359 2359 2359 2359 2359 2359 2359 2359 2359 2359
  2359 2359 2359 2359 2359 2359 2359 2359 2359 2359 2359 2359 2359 2359
  2359 2359 2359 2359 2359 2359 2359 2359 2359 2359 2359 2359 2359 2359
  2359 2359 2359 2359 2359 2359 2359 2359 2359 2359 2359 2359 2359 2359
  2359 2359 2359 2359 2359 2359 2359 2359 2359]
 [2359 2359 2359 2359 2359 2359 2359 2359 2359 2359 2359 2359 2359 2359
  2359 2359 2359 2359 2359 2359 2359 2359 2359 2359 2359 2359 2359 2359
  2359 2359 2359 2359 2359 2359 2359 2359 2359 2359 2359 2359 2359 2359
  2359 2359 2359 2359 2359 2359 2359 2359 2359 2359 2359 2359 2359 2359
  2359 2359 2359 2359 2359 2359 2359 2359 2359 2359 2359 2359 2359 2359
  2359 2359 2359 2359 2359 2359 2359 2359 2359]
 [2359 2359 2359 2359 2359 2359 2359 2359 2359 2359 2359 2359 2359 2359
  2359 2359 2359 2359 2359 2359 2359 2359 2359 2359 2359 2359 2359 2359
  2359 2359 2359 2359 2359 2359 2359 2359 2359 2359 2359 2359 2359 2359
  2359 2359 2359 2359 2359 2359 2359 2359 2359 2359 2359 2359 2359 2359
  2359 2359 2359 2359 2359 2359 2359 2359 2359 2359 2359 2359 2359 2359
  2359 2359 2359 2359 2359 2359 2359 2359 2359]
 [2359 2359 2359 2359 2359 2359 2359 2359 2359 2359 2359 2359 2359 2359
  2359 2359 2359 2359 2359 2359 2359 2359 2359 2359 2359 2359 2359 2359
  2359 2359 2359 2359 2359 2359 2359 2359 2359 2359 2359 2359 2359 2359
  2359 2359 2359 2359 2359 2359 2359 2359 2359 2359 2359 2359 2359 2359
  2359 2359 2359 2359 2359 2359 2359 2359 2359 2359 2359 2359 2359 2359
  2359 2359 2359 2359 2359 2359 2359 2359 2359]
 [2359 2359 2359 2359 2359 2359 2359 2359 2359 2359 2359 2359 2359 2359
  2359 2359 2359 2359 2359 2359 2359 2359 2359 2359 2359 2359 2359 2359
  2359 2359 2359 2359 2359 2359 2359 2359 2359 2359 2359 2359 2359 2359
  2359 2359 2359 2359 2359 2359 2359 2359 2359 2359 2359 2359 2359 2359
  2359 2359 2359 2359 2359 2359 2359 2359 2359 2359 2359 2359 2359 2359
  2359 2359 2359 2359 2359 2359 2359 2359 2359]
 [2359 2359 2359 2359 2359 2359 2359 2359 2359 2359 2359 2359 2359 2359
  2359 2359 2359 2359 2359 2359 2359 2359 2359 2359 2359 2359 2359 2379
  2379 2379 2379 2379 2379 2379 2379 2379 2379 2379 2379 2378 2378 2378
  2378 2378 2400 2359 2359 2359 2359 2359 2359 2359 2359 2359 2359 2359
  2359 2359 2359 2359 2359 2359 2359 2359 2359 2359 2359 2359 2359 2359
  2359 2359 2359 2359 2359 2359 2359 2359 2359]
 [2359 2359 2359 2359 2359 2359 2359 2359 2359 2359 2359 2359 2359 2359
  2359 2359 2359 2359 2359 2359 2359 2359 2359 2359 2359 2359 2379 2359
  2353 2379 2379 2379 2379 2379 2379 2379 2379 2379 2379 2353 2378 2378
  2378 2378 2400 2359 2359 2359 2359 2359 2359 2359 2359 2359 2359 2359
  2359 2359 2359 2359 2359 2359 2359 2359 2359 2359 2359 2359 2359 2359
  2359 2359 2359 2359 2359 2359 2359 2359 2359]
 [2359 2359 2359 2359 2359 2359 2359 2359 2359 2359 2359 2359 2359 2359
  2359 2359 2359 2359 2359 2359 2359 2359 2359 2359 2359 2359 2379 2379
  2379 2379 2379 2379 2379 2379 2379 2379 2379 2379 2353 2378 2378  337
  2378 2378 2400 2359 2359 2359 2359 2359 2359 2359 2359 2359 2359 2359
  2359 2359 2359 2359 2359 2359 2359 2359 2359 2359 2359 2359 2359 2359
  2359 2359 2359 2359 2359 2359 2359 2359 2359]
 [2359 2359 2359 2359 2359 2359 2359 2359 2359 2359 2359 2359 2359 2359
  2359 2359 2359 2359 2359 2359 2359 2359 2359 2359 2359 2359 2379 2379
  2379 2379 2379 2379 2379 2379 2379 2378 2378 2382   13 2378   87 2353
  2378 2378 2400 2359 2359 2359 2359 2359 2359 2359 2359 2359 2359 2359
  2359 2359 2359 2359 2359 2359 2359 2359 2359 2359 2359 2359 2359 2359
  2359 2359 2359 2359 2359 2359 2359 2359 2359]
 [2359 2359 2359 2359 2359 2359 2359 2359 2359 2359 2359 2359 2359 2359
  2359 2359 2359 2359 2359 2359 2359 2359 2359 2359 2359 2359 2359 2353
  2379 2378 2378 2378 2378 2378 2378 2378 2378 2378 2378 2378  115 2379
  2378 2378 2400 2359 2359 2359 2359 2359 2359 2359 2359 2359 2359 2359
  2359 2359 2359 2359 2359 2359 2359 2359 2359 2359 2359 2359 2359 2359
  2359 2359 2359 2359 2359 2359 2359 2359 2359]
 [2359 2359 2359 2359 2359 2359 2359 2359 2359 2359 2359 2359 2359 2359
  2359 2359 2359 2359 2359 2359 2359 2359 2359 2359 2359 2359 2378 2378
  2378 2378 2378 2378 2378 2378 2378 2378 2378 2378 2378 2378 2379 2379
  2379 2378 2400 2359 2359 2359 2359 2359 2359 2359 2359 2359 2359 2359
  2359 2359 2359 2359 2359 2359 2359 2359 2359 2359 2359 2359 2359 2359
  2359 2359 2359 2359 2359 2359 2359 2359 2359]
 [2359 2359 2359 2359 2359 2359 2359 2359 2359 2359 2359 2359 2359 2359
  2359 2359 2359 2359 2359 2359 2359 2359 2359 2359 2359 2359 2378 2378
  2378 2378  155 2378 2378 2378 2378 2378 2378 2378 2378 2378 2379 2379
  2379 2378 2400 2359 2359 2359 2359 2359 2359 2359 2359 2359 2359 2359
  2359 2359 2359 2359 2359 2359 2359 2359 2359 2359 2359 2359 2359 2359
  2359 2359 2359 2359 2359 2359 2359 2359 2359]
 [2359 2359 2359 2359 2359 2359 2359 2359 2359 2359 2359 2359 2359 2359
  2359 2359 2359 2359 2359 2359 2359 2359 2359 2359 2359 2359 2359 2359
  2359 2359 2359 2359 2359 2359 2359 2359 2359 2359 2359 2359 2359 2359
  2359 2359 2359 2359 2359 2359 2359 2359 2359 2359 2359 2359 2359 2359
  2359 2359 2359 2359 2359 2359 2359 2359 2359 2359 2359 2359 2359 2359
  2359 2359 2359 2359 2359 2359 2359 2359 2359]
 [2359 2359 2359 2359 2359 2359 2359 2359 2359 2359 2359 2359 2359 2359
  2359 2359 2359 2359 2359 2359 2359 2359 2359 2359 2359 2359 2359 2359
  2359 2359 2359 2359 2359 2359 2359 2359 2359 2359 2359 2359 2359 2359
  2359 2359 2359 2359 2359 2359 2359 2359 2359 2359 2359 2359 2359 2359
  2359 2359 2359 2359 2359 2359 2359 2359 2359 2359 2359 2359 2359 2359
  2359 2359 2359 2359 2359 2359 2359 2359 2359]
 [2359 2359 2359 2359 2359 2359 2359 2359 2359 2359 2359 2359 2359 2359
  2359 2359 2359 2359 2359 2359 2359 2359 2359 2359 2359 2359 2359 2359
  2359 2359 2359 2359 2359 2359 2359 2359 2359 2359 2359 2359 2359 2359
  2359 2359 2359 2359 2359 2359 2359 2359 2359 2359 2359 2359 2359 2359
  2359 2359 2359 2359 2359 2359 2359 2359 2359 2359 2359 2359 2359 2359
  2359 2359 2359 2359 2359 2359 2359 2359 2359]
 [2359 2359 2359 2359 2359 2359 2359 2359 2359 2359 2359 2359 2359 2359
  2359 2359 2359 2359 2359 2359 2359 2359 2359 2359 2359 2359 2359 2359
  2359 2359 2359 2359 2359 2359 2359 2359 2359 2359 2359 2359 2359 2359
  2359 2359 2359 2359 2359 2359 2359 2359 2359 2359 2359 2359 2359 2359
  2359 2359 2359 2359 2359 2359 2359 2359 2359 2359 2359 2359 2359 2359
  2359 2359 2359 2359 2359 2359 2359 2359 2359]
 [2359 2359 2359 2359 2359 2359 2359 2359 2359 2359 2359 2359 2359 2359
  2359 2359 2359 2359 2359 2359 2359 2359 2359 2359 2359 2359 2359 2359
  2359 2359 2359 2359 2359 2359 2359 2359 2359 2359 2359 2359 2359 2359
  2359 2359 2359 2359 2359 2359 2359 2359 2359 2359 2359 2359 2359 2359
  2359 2359 2359 2359 2359 2359 2359 2359 2359 2359 2359 2359 2359 2359
  2359 2359 2359 2359 2359 2359 2359 2359 2359]
 [2359 2359 2359 2359 2359 2359 2359 2359 2359 2359 2359 2359 2359 2359
  2359 2359 2359 2359 2359 2359 2359 2359 2359 2359 2359 2359 2359 2359
  2359 2359 2359 2359 2359 2359 2359 2359 2359 2359 2359 2359 2359 2359
  2359 2359 2359 2359 2359 2359 2359 2359 2359 2359 2359 2359 2359 2359
  2359 2359 2359 2359 2359 2359 2359 2359 2359 2359 2359 2359 2359 2359
  2359 2359 2359 2359 2359 2359 2359 2359 2359]
 [2359 2359 2359 2359 2359 2359 2359 2359 2359 2359 2359 2359 2359 2359
  2359 2359 2359 2359 2359 2359 2359 2359 2359 2359 2359 2359 2359 2359
  2359 2359 2359 2359 2359 2359 2359 2359 2359 2359 2359 2359 2359 2359
  2359 2359 2359 2359 2359 2359 2359 2359 2359 2359 2359 2359 2359 2359
  2359 2359 2359 2359 2359 2359 2359 2359 2359 2359 2359 2359 2359 2359
  2359 2359 2359 2359 2359 2359 2359 2359 2359]]

[[2359 2359 2359 2359 2359 2359 2359 2359 2359 2359 2359 2359 2359 2359
  2359 2359 2359 2359 2359 2359 2359 2359 2359 2359 2359 2359 2359 2359
  2359 2359 2359 2359 2359 2359 2359 2359 2359 2359 2359 2359 2359 2359
  2359 2359 2359 2359 2359 2359 2359 2359 2359 2359 2359 2359 2359 2359
  2359 2359 2359 2359 2359 2359 2359 2359 2359 2359 2359 2359 2359 2359
  2359 2359 2359 2359 2359 2359 2359 2359 2359]
 [2359 2359 2359 2359 2359 2359 2359 2359 2359 2359 2359 2359 2359 2359
  2359 2359 2359 2359 2359 2359 2359 2359 2359 2359 2359 2359 2359 2359
  2359 2359 2359 2359 2359 2359 2359 2359 2359 2359 2359 2359 2359 2359
  2359 2359 2359 2359 2359 2359 2359 2359 2359 2359 2359 2359 2359 2359
  2359 2359 2359 2359 2359 2359 2359 2359 2359 2359 2359 2359 2359 2359
  2359 2359 2359 2359 2359 2359 2359 2359 2359]
 [2359 2359 2359 2359 2359 2359 2359 2359 2359 2359 2359 2359 2359 2359
  2359 2359 2359 2359 2359 2359 2359 2359 2359 2359 2359 2359 2359 2359
  2359 2359 2359 2359 2359 2359 2359 2359 2359 2359 2359 2359 2359 2359
  2359 2359 2359 2359 2359 2359 2359 2359 2359 2359 2359 2359 2359 2359
  2359 2359 2359 2359 2359 2359 2359 2359 2359 2359 2359 2359 2359 2359
  2359 2359 2359 2359 2359 2359 2359 2359 2359]
 [2359 2359 2359 2359 2359 2359 2359 2359 2359 2359 2359 2359 2359 2359
  2359 2359 2359 2359 2359 2359 2359 2359 2359 2359 2359 2359 2359 2359
  2359 2359 2359 2359 2359 2359 2359 2359 2359 2359 2359 2359 2359 2359
  2359 2359 2359 2359 2359 2359 2359 2359 2359 2359 2359 2359 2359 2359
  2359 2359 2359 2359 2359 2359 2359 2359 2359 2359 2359 2359 2359 2359
  2359 2359 2359 2359 2359 2359 2359 2359 2359]
 [2359 2359 2359 2359 2359 2359 2359 2359 2359 2359 2359 2359 2359 2359
  2359 2359 2359 2359 2359 2359 2359 2359 2359 2359 2359 2359 2359 2359
  2359 2359 2359 2359 2359 2359 2359 2359 2359 2359 2359 2359 2359 2359
  2359 2359 2359 2359 2359 2359 2359 2359 2359 2359 2359 2359 2359 2359
  2359 2359 2359 2359 2359 2359 2359 2359 2359 2359 2359 2359 2359 2359
  2359 2359 2359 2359 2359 2359 2359 2359 2359]
 [2359 2359 2359 2359 2359 2359 2359 2359 2359 2359 2359 2359 2359 2359
  2359 2359 2359 2359 2359 2359 2359 2359 2359 2359 2359 2359 2359 2359
  2359 2359 2359 2359 2359 2359 2359 2359 2359 2359 2359 2359 2359 2359
  2359 2359 2359 2359 2359 2359 2359 2359 2359 2359 2359 2359 2359 2359
  2359 2359 2359 2359 2359 2359 2359 2359 2359 2359 2359 2359 2359 2359
  2359 2359 2359 2359 2359 2359 2359 2359 2359]
 [2359 2359 2359 2359 2359 2359 2359 2359 2359 2359 2359 2359 2359 2359
  2359 2359 2359 2359 2359 2359 2359 2359 2359 2359 2359 2359 2359 2359
  2359 2359 2359 2359 2359 2359 2359 2359 2359 2359 2359 2359 2359 2359
  2359 2359 2359 2359 2359 2359 2359 2359 2359 2359 2359 2359 2359 2359
  2359 2359 2359 2359 2359 2359 2359 2359 2359 2359 2359 2359 2359 2359
  2359 2359 2359 2359 2359 2359 2359 2359 2359]
 [2359 2359 2359 2359 2359 2359 2359 2359 2359 2359 2359 2359 2359 2359
  2359 2359 2359 2359 2359 2359 2359 2359 2359 2359 2359 2359 2359 2379
  2379 2379 2379 2379 2379 2379 2379 2379 2379 2379 2379 2378 2378 2378
  2378 2378 2400 2359 2359 2359 2359 2359 2359 2359 2359 2359 2359 2359
  2359 2359 2359 2359 2359 2359 2359 2359 2359 2359 2359 2359 2359 2359
  2359 2359 2359 2359 2359 2359 2359 2359 2359]
 [2359 2359 2359 2359 2359 2359 2359 2359 2359 2359 2359 2359 2359 2359
  2359 2359 2359 2359 2359 2359 2359 2359 2359 2359 2359 2359 2379 2359
  2353 2379 2379 2379 2379 2379 2379 2379 2379 2379 2379 2353 2378 2378
  2378 2378 2400 2359 2359 2359 2359 2359 2359 2359 2359 2359 2359 2359
  2359 2359 2359 2359 2359 2359 2359 2359 2359 2359 2359 2359 2359 2359
  2359 2359 2359 2359 2359 2359 2359 2359 2359]
 [2359 2359 2359 2359 2359 2359 2359 2359 2359 2359 2359 2359 2359 2359
  2359 2359 2359 2359 2359 2359 2359 2359 2359 2359 2359 2359 2379 2379
  2379 2379 2379 2379 2379 2379 2379 2379 2379 2379 2353 2378 2378  337
  2378 2378 2400 2359 2359 2359 2359 2359 2359 2359 2359 2359 2359 2359
  2359 2359 2359 2359 2359 2359 2359 2359 2359 2359 2359 2359 2359 2359
  2359 2359 2359 2359 2359 2359 2359 2359 2359]
 [2359 2359 2359 2359 2359 2359 2359 2359 2359 2359 2359 2359 2359 2359
  2359 2359 2359 2359 2359 2359 2359 2359 2359 2359 2359 2359 2379 2379
  2379 2379 2379 2379 2379 2379 2379 2378 2378 2382   13 2378   87 2353
  2378 2378 2400 2359 2359 2359 2359 2359 2359 2359 2359 2359 2359 2359
  2359 2359 2359 2359 2359 2359 2359 2359 2359 2359 2359 2359 2359 2359
  2359 2359 2359 2359 2359 2359 2359 2359 2359]
 [2359 2359 2359 2359 2359 2359 2359 2359 2359 2359 2359 2359 2359 2359
  2359 2359 2359 2359 2359 2359 2359 2359 2359 2359 2359 2359 2359 2353
  2379 2378 2378 2378 2378 2378 2378 2378 2378 2378 2378 2378  115  762
  2378 2378 2400 2359 2359 2359 2359 2359 2359 2359 2359 2359 2359 2359
  2359 2359 2359 2359 2359 2359 2359 2359 2359 2359 2359 2359 2359 2359
  2359 2359 2359 2359 2359 2359 2359 2359 2359]
 [2359 2359 2359 2359 2359 2359 2359 2359 2359 2359 2359 2359 2359 2359
  2359 2359 2359 2359 2359 2359 2359 2359 2359 2359 2359 2359 2378 2378
  2378 2378 2378 2378 2378 2378 2378 2378 2378 2378 2378 2378 2379 2379
  2379 2378 2400 2359 2359 2359 2359 2359 2359 2359 2359 2359 2359 2359
  2359 2359 2359 2359 2359 2359 2359 2359 2359 2359 2359 2359 2359 2359
  2359 2359 2359 2359 2359 2359 2359 2359 2359]
 [2359 2359 2359 2359 2359 2359 2359 2359 2359 2359 2359 2359 2359 2359
  2359 2359 2359 2359 2359 2359 2359 2359 2359 2359 2359 2359 2378 2378
  2378 2378  155 2378 2378 2378 2378 2378 2378 2378 2378 2378 2379 2379
  2379 2378 2400 2359 2359 2359 2359 2359 2359 2359 2359 2359 2359 2359
  2359 2359 2359 2359 2359 2359 2359 2359 2359 2359 2359 2359 2359 2359
  2359 2359 2359 2359 2359 2359 2359 2359 2359]
 [2359 2359 2359 2359 2359 2359 2359 2359 2359 2359 2359 2359 2359 2359
  2359 2359 2359 2359 2359 2359 2359 2359 2359 2359 2359 2359 2359 2359
  2359 2359 2359 2359 2359 2359 2359 2359 2359 2359 2359 2359 2359 2359
  2359 2359 2359 2359 2359 2359 2359 2359 2359 2359 2359 2359 2359 2359
  2359 2359 2359 2359 2359 2359 2359 2359 2359 2359 2359 2359 2359 2359
  2359 2359 2359 2359 2359 2359 2359 2359 2359]
 [2359 2359 2359 2359 2359 2359 2359 2359 2359 2359 2359 2359 2359 2359
  2359 2359 2359 2359 2359 2359 2359 2359 2359 2359 2359 2359 2359 2359
  2359 2359 2359 2359 2359 2359 2359 2359 2359 2359 2359 2359 2359 2359
  2359 2359 2359 2359 2359 2359 2359 2359 2359 2359 2359 2359 2359 2359
  2359 2359 2359 2359 2359 2359 2359 2359 2359 2359 2359 2359 2359 2359
  2359 2359 2359 2359 2359 2359 2359 2359 2359]
 [2359 2359 2359 2359 2359 2359 2359 2359 2359 2359 2359 2359 2359 2359
  2359 2359 2359 2359 2359 2359 2359 2359 2359 2359 2359 2359 2359 2359
  2359 2359 2359 2359 2359 2359 2359 2359 2359 2359 2359 2359 2359 2359
  2359 2359 2359 2359 2359 2359 2359 2359 2359 2359 2359 2359 2359 2359
  2359 2359 2359 2359 2359 2359 2359 2359 2359 2359 2359 2359 2359 2359
  2359 2359 2359 2359 2359 2359 2359 2359 2359]
 [2359 2359 2359 2359 2359 2359 2359 2359 2359 2359 2359 2359 2359 2359
  2359 2359 2359 2359 2359 2359 2359 2359 2359 2359 2359 2359 2359 2359
  2359 2359 2359 2359 2359 2359 2359 2359 2359 2359 2359 2359 2359 2359
  2359 2359 2359 2359 2359 2359 2359 2359 2359 2359 2359 2359 2359 2359
  2359 2359 2359 2359 2359 2359 2359 2359 2359 2359 2359 2359 2359 2359
  2359 2359 2359 2359 2359 2359 2359 2359 2359]
 [2359 2359 2359 2359 2359 2359 2359 2359 2359 2359 2359 2359 2359 2359
  2359 2359 2359 2359 2359 2359 2359 2359 2359 2359 2359 2359 2359 2359
  2359 2359 2359 2359 2359 2359 2359 2359 2359 2359 2359 2359 2359 2359
  2359 2359 2359 2359 2359 2359 2359 2359 2359 2359 2359 2359 2359 2359
  2359 2359 2359 2359 2359 2359 2359 2359 2359 2359 2359 2359 2359 2359
  2359 2359 2359 2359 2359 2359 2359 2359 2359]
 [2359 2359 2359 2359 2359 2359 2359 2359 2359 2359 2359 2359 2359 2359
  2359 2359 2359 2359 2359 2359 2359 2359 2359 2359 2359 2359 2359 2359
  2359 2359 2359 2359 2359 2359 2359 2359 2359 2359 2359 2359 2359 2359
  2359 2359 2359 2359 2359 2359 2359 2359 2359 2359 2359 2359 2359 2359
  2359 2359 2359 2359 2359 2359 2359 2359 2359 2359 2359 2359 2359 2359
  2359 2359 2359 2359 2359 2359 2359 2359 2359]
 [2359 2359 2359 2359 2359 2359 2359 2359 2359 2359 2359 2359 2359 2359
  2359 2359 2359 2359 2359 2359 2359 2359 2359 2359 2359 2359 2359 2359
  2359 2359 2359 2359 2359 2359 2359 2359 2359 2359 2359 2359 2359 2359
  2359 2359 2359 2359 2359 2359 2359 2359 2359 2359 2359 2359 2359 2359
  2359 2359 2359 2359 2359 2359 2359 2359 2359 2359 2359 2359 2359 2359
  2359 2359 2359 2359 2359 2359 2359 2359 2359]]

[[2359 2359 2359 2359 2359 2359 2359 2359 2359 2359 2359 2359 2359 2359
  2359 2359 2359 2359 2359 2359 2359 2359 2359 2359 2359 2359 2359 2359
  2359 2359 2359 2359 2359 2359 2359 2359 2359 2359 2359 2359 2359 2359
  2359 2359 2359 2359 2359 2359 2359 2359 2359 2359 2359 2359 2359 2359
  2359 2359 2359 2359 2359 2359 2359 2359 2359 2359 2359 2359 2359 2359
  2359 2359 2359 2359 2359 2359 2359 2359 2359]
 [2359 2359 2359 2359 2359 2359 2359 2359 2359 2359 2359 2359 2359 2359
  2359 2359 2359 2359 2359 2359 2359 2359 2359 2359 2359 2359 2359 2359
  2359 2359 2359 2359 2359 2359 2359 2359 2359 2359 2359 2359 2359 2359
  2359 2359 2359 2359 2359 2359 2359 2359 2359 2359 2359 2359 2359 2359
  2359 2359 2359 2359 2359 2359 2359 2359 2359 2359 2359 2359 2359 2359
  2359 2359 2359 2359 2359 2359 2359 2359 2359]
 [2359 2359 2359 2359 2359 2359 2359 2359 2359 2359 2359 2359 2359 2359
  2359 2359 2359 2359 2359 2359 2359 2359 2359 2359 2359 2359 2359 2359
  2359 2359 2359 2359 2359 2359 2359 2359 2359 2359 2359 2359 2359 2359
  2359 2359 2359 2359 2359 2359 2359 2359 2359 2359 2359 2359 2359 2359
  2359 2359 2359 2359 2359 2359 2359 2359 2359 2359 2359 2359 2359 2359
  2359 2359 2359 2359 2359 2359 2359 2359 2359]
 [2359 2359 2359 2359 2359 2359 2359 2359 2359 2359 2359 2359 2359 2359
  2359 2359 2359 2359 2359 2359 2359 2359 2359 2359 2359 2359 2359 2359
  2359 2359 2359 2359 2359 2359 2359 2359 2359 2359 2359 2359 2359 2359
  2359 2359 2359 2359 2359 2359 2359 2359 2359 2359 2359 2359 2359 2359
  2359 2359 2359 2359 2359 2359 2359 2359 2359 2359 2359 2359 2359 2359
  2359 2359 2359 2359 2359 2359 2359 2359 2359]
 [2359 2359 2359 2359 2359 2359 2359 2359 2359 2359 2359 2359 2359 2359
  2359 2359 2359 2359 2359 2359 2359 2359 2359 2359 2359 2359 2359 2359
  2359 2359 2359 2359 2359 2359 2359 2359 2359 2359 2359 2359 2359 2359
  2359 2359 2359 2359 2359 2359 2359 2359 2359 2359 2359 2359 2359 2359
  2359 2359 2359 2359 2359 2359 2359 2359 2359 2359 2359 2359 2359 2359
  2359 2359 2359 2359 2359 2359 2359 2359 2359]
 [2359 2359 2359 2359 2359 2359 2359 2359 2359 2359 2359 2359 2359 2359
  2359 2359 2359 2359 2359 2359 2359 2359 2359 2359 2359 2359 2359 2359
  2359 2359 2359 2359 2359 2359 2359 2359 2359 2359 2359 2359 2359 2359
  2359 2359 2359 2359 2359 2359 2359 2359 2359 2359 2359 2359 2359 2359
  2359 2359 2359 2359 2359 2359 2359 2359 2359 2359 2359 2359 2359 2359
  2359 2359 2359 2359 2359 2359 2359 2359 2359]
 [2359 2359 2359 2359 2359 2359 2359 2359 2359 2359 2359 2359 2359 2359
  2359 2359 2359 2359 2359 2359 2359 2359 2359 2359 2359 2359 2359 2359
  2359 2359 2359 2359 2359 2359 2359 2359 2359 2359 2359 2359 2359 2359
  2359 2359 2359 2359 2359 2359 2359 2359 2359 2359 2359 2359 2359 2359
  2359 2359 2359 2359 2359 2359 2359 2359 2359 2359 2359 2359 2359 2359
  2359 2359 2359 2359 2359 2359 2359 2359 2359]
 [2359 2359 2359 2359 2359 2359 2359 2359 2359 2359 2359 2359 2359 2359
  2359 2359 2359 2359 2359 2359 2359 2359 2359 2359 2359 2359 2359 2379
  2379 2379 2379 2379 2379 2379 2379 2379 2379 2379 2379 2378 2378 2378
  2378 2378 2400 2359 2359 2359 2359 2359 2359 2359 2359 2359 2359 2359
  2359 2359 2359 2359 2359 2359 2359 2359 2359 2359 2359 2359 2359 2359
  2359 2359 2359 2359 2359 2359 2359 2359 2359]
 [2359 2359 2359 2359 2359 2359 2359 2359 2359 2359 2359 2359 2359 2359
  2359 2359 2359 2359 2359 2359 2359 2359 2359 2359 2359 2359 2379 2359
  2353 2379 2379 2379 2379 2379 2379 2379 2379 2379 2379 2353 2378 2378
  2378 2378 2400 2359 2359 2359 2359 2359 2359 2359 2359 2359 2359 2359
  2359 2359 2359 2359 2359 2359 2359 2359 2359 2359 2359 2359 2359 2359
  2359 2359 2359 2359 2359 2359 2359 2359 2359]
 [2359 2359 2359 2359 2359 2359 2359 2359 2359 2359 2359 2359 2359 2359
  2359 2359 2359 2359 2359 2359 2359 2359 2359 2359 2359 2359 2379 2379
  2379 2379 2379 2379 2379 2379 2379 2379 2379 2379 2353 2378 2378  337
  2378 2378 2400 2359 2359 2359 2359 2359 2359 2359 2359 2359 2359 2359
  2359 2359 2359 2359 2359 2359 2359 2359 2359 2359 2359 2359 2359 2359
  2359 2359 2359 2359 2359 2359 2359 2359 2359]
 [2359 2359 2359 2359 2359 2359 2359 2359 2359 2359 2359 2359 2359 2359
  2359 2359 2359 2359 2359 2359 2359 2359 2359 2359 2359 2359 2379 2379
  2379 2379 2379 2379 2379 2379 2379 2378 2378 2382   13 2378   87 2353
  2378 2378 2400 2359 2359 2359 2359 2359 2359 2359 2359 2359 2359 2359
  2359 2359 2359 2359 2359 2359 2359 2359 2359 2359 2359 2359 2359 2359
  2359 2359 2359 2359 2359 2359 2359 2359 2359]
 [2359 2359 2359 2359 2359 2359 2359 2359 2359 2359 2359 2359 2359 2359
  2359 2359 2359 2359 2359 2359 2359 2359 2359 2359 2359 2359 2359 2353
  2379 2378 2378 2378 2378 2378 2378 2378 2378 2378 2378 2378  115  762
  2378 2378 2400 2359 2359 2359 2359 2359 2359 2359 2359 2359 2359 2359
  2359 2359 2359 2359 2359 2359 2359 2359 2359 2359 2359 2359 2359 2359
  2359 2359 2359 2359 2359 2359 2359 2359 2359]
 [2359 2359 2359 2359 2359 2359 2359 2359 2359 2359 2359 2359 2359 2359
  2359 2359 2359 2359 2359 2359 2359 2359 2359 2359 2359 2359 2378 2378
  2378 2378 2378 2378 2378 2378 2378 2378 2378 2378 2378 2378 2379 2379
  2379 2378 2400 2359 2359 2359 2359 2359 2359 2359 2359 2359 2359 2359
  2359 2359 2359 2359 2359 2359 2359 2359 2359 2359 2359 2359 2359 2359
  2359 2359 2359 2359 2359 2359 2359 2359 2359]
 [2359 2359 2359 2359 2359 2359 2359 2359 2359 2359 2359 2359 2359 2359
  2359 2359 2359 2359 2359 2359 2359 2359 2359 2359 2359 2359 2378 2378
  2378 2378  155 2378 2378 2378 2378 2378 2378 2378 2378 2378 2379 2379
  2379 2378 2400 2359 2359 2359 2359 2359 2359 2359 2359 2359 2359 2359
  2359 2359 2359 2359 2359 2359 2359 2359 2359 2359 2359 2359 2359 2359
  2359 2359 2359 2359 2359 2359 2359 2359 2359]
 [2359 2359 2359 2359 2359 2359 2359 2359 2359 2359 2359 2359 2359 2359
  2359 2359 2359 2359 2359 2359 2359 2359 2359 2359 2359 2359 2359 2359
  2359 2359 2359 2359 2359 2359 2359 2359 2359 2359 2359 2359 2359 2359
  2359 2359 2359 2359 2359 2359 2359 2359 2359 2359 2359 2359 2359 2359
  2359 2359 2359 2359 2359 2359 2359 2359 2359 2359 2359 2359 2359 2359
  2359 2359 2359 2359 2359 2359 2359 2359 2359]
 [2359 2359 2359 2359 2359 2359 2359 2359 2359 2359 2359 2359 2359 2359
  2359 2359 2359 2359 2359 2359 2359 2359 2359 2359 2359 2359 2359 2359
  2359 2359 2359 2359 2359 2359 2359 2359 2359 2359 2359 2359 2359 2359
  2359 2359 2359 2359 2359 2359 2359 2359 2359 2359 2359 2359 2359 2359
  2359 2359 2359 2359 2359 2359 2359 2359 2359 2359 2359 2359 2359 2359
  2359 2359 2359 2359 2359 2359 2359 2359 2359]
 [2359 2359 2359 2359 2359 2359 2359 2359 2359 2359 2359 2359 2359 2359
  2359 2359 2359 2359 2359 2359 2359 2359 2359 2359 2359 2359 2359 2359
  2359 2359 2359 2359 2359 2359 2359 2359 2359 2359 2359 2359 2359 2359
  2359 2359 2359 2359 2359 2359 2359 2359 2359 2359 2359 2359 2359 2359
  2359 2359 2359 2359 2359 2359 2359 2359 2359 2359 2359 2359 2359 2359
  2359 2359 2359 2359 2359 2359 2359 2359 2359]
 [2359 2359 2359 2359 2359 2359 2359 2359 2359 2359 2359 2359 2359 2359
  2359 2359 2359 2359 2359 2359 2359 2359 2359 2359 2359 2359 2359 2359
  2359 2359 2359 2359 2359 2359 2359 2359 2359 2359 2359 2359 2359 2359
  2359 2359 2359 2359 2359 2359 2359 2359 2359 2359 2359 2359 2359 2359
  2359 2359 2359 2359 2359 2359 2359 2359 2359 2359 2359 2359 2359 2359
  2359 2359 2359 2359 2359 2359 2359 2359 2359]
 [2359 2359 2359 2359 2359 2359 2359 2359 2359 2359 2359 2359 2359 2359
  2359 2359 2359 2359 2359 2359 2359 2359 2359 2359 2359 2359 2359 2359
  2359 2359 2359 2359 2359 2359 2359 2359 2359 2359 2359 2359 2359 2359
  2359 2359 2359 2359 2359 2359 2359 2359 2359 2359 2359 2359 2359 2359
  2359 2359 2359 2359 2359 2359 2359 2359 2359 2359 2359 2359 2359 2359
  2359 2359 2359 2359 2359 2359 2359 2359 2359]
 [2359 2359 2359 2359 2359 2359 2359 2359 2359 2359 2359 2359 2359 2359
  2359 2359 2359 2359 2359 2359 2359 2359 2359 2359 2359 2359 2359 2359
  2359 2359 2359 2359 2359 2359 2359 2359 2359 2359 2359 2359 2359 2359
  2359 2359 2359 2359 2359 2359 2359 2359 2359 2359 2359 2359 2359 2359
  2359 2359 2359 2359 2359 2359 2359 2359 2359 2359 2359 2359 2359 2359
  2359 2359 2359 2359 2359 2359 2359 2359 2359]
 [2359 2359 2359 2359 2359 2359 2359 2359 2359 2359 2359 2359 2359 2359
  2359 2359 2359 2359 2359 2359 2359 2359 2359 2359 2359 2359 2359 2359
  2359 2359 2359 2359 2359 2359 2359 2359 2359 2359 2359 2359 2359 2359
  2359 2359 2359 2359 2359 2359 2359 2359 2359 2359 2359 2359 2359 2359
  2359 2359 2359 2359 2359 2359 2359 2359 2359 2359 2359 2359 2359 2359
  2359 2359 2359 2359 2359 2359 2359 2359 2359]]

[[2359 2359 2359 2359 2359 2359 2359 2359 2359 2359 2359 2359 2359 2359
  2359 2359 2359 2359 2359 2359 2359 2359 2359 2359 2359 2359 2359 2359
  2359 2359 2359 2359 2359 2359 2359 2359 2359 2359 2359 2359 2359 2359
  2359 2359 2359 2359 2359 2359 2359 2359 2359 2359 2359 2359 2359 2359
  2359 2359 2359 2359 2359 2359 2359 2359 2359 2359 2359 2359 2359 2359
  2359 2359 2359 2359 2359 2359 2359 2359 2359]
 [2359 2359 2359 2359 2359 2359 2359 2359 2359 2359 2359 2359 2359 2359
  2359 2359 2359 2359 2359 2359 2359 2359 2359 2359 2359 2359 2359 2359
  2359 2359 2359 2359 2359 2359 2359 2359 2359 2359 2359 2359 2359 2359
  2359 2359 2359 2359 2359 2359 2359 2359 2359 2359 2359 2359 2359 2359
  2359 2359 2359 2359 2359 2359 2359 2359 2359 2359 2359 2359 2359 2359
  2359 2359 2359 2359 2359 2359 2359 2359 2359]
 [2359 2359 2359 2359 2359 2359 2359 2359 2359 2359 2359 2359 2359 2359
  2359 2359 2359 2359 2359 2359 2359 2359 2359 2359 2359 2359 2359 2359
  2359 2359 2359 2359 2359 2359 2359 2359 2359 2359 2359 2359 2359 2359
  2359 2359 2359 2359 2359 2359 2359 2359 2359 2359 2359 2359 2359 2359
  2359 2359 2359 2359 2359 2359 2359 2359 2359 2359 2359 2359 2359 2359
  2359 2359 2359 2359 2359 2359 2359 2359 2359]
 [2359 2359 2359 2359 2359 2359 2359 2359 2359 2359 2359 2359 2359 2359
  2359 2359 2359 2359 2359 2359 2359 2359 2359 2359 2359 2359 2359 2359
  2359 2359 2359 2359 2359 2359 2359 2359 2359 2359 2359 2359 2359 2359
  2359 2359 2359 2359 2359 2359 2359 2359 2359 2359 2359 2359 2359 2359
  2359 2359 2359 2359 2359 2359 2359 2359 2359 2359 2359 2359 2359 2359
  2359 2359 2359 2359 2359 2359 2359 2359 2359]
 [2359 2359 2359 2359 2359 2359 2359 2359 2359 2359 2359 2359 2359 2359
  2359 2359 2359 2359 2359 2359 2359 2359 2359 2359 2359 2359 2359 2359
  2359 2359 2359 2359 2359 2359 2359 2359 2359 2359 2359 2359 2359 2359
  2359 2359 2359 2359 2359 2359 2359 2359 2359 2359 2359 2359 2359 2359
  2359 2359 2359 2359 2359 2359 2359 2359 2359 2359 2359 2359 2359 2359
  2359 2359 2359 2359 2359 2359 2359 2359 2359]
 [2359 2359 2359 2359 2359 2359 2359 2359 2359 2359 2359 2359 2359 2359
  2359 2359 2359 2359 2359 2359 2359 2359 2359 2359 2359 2359 2359 2359
  2359 2359 2359 2359 2359 2359 2359 2359 2359 2359 2359 2359 2359 2359
  2359 2359 2359 2359 2359 2359 2359 2359 2359 2359 2359 2359 2359 2359
  2359 2359 2359 2359 2359 2359 2359 2359 2359 2359 2359 2359 2359 2359
  2359 2359 2359 2359 2359 2359 2359 2359 2359]
 [2359 2359 2359 2359 2359 2359 2359 2359 2359 2359 2359 2359 2359 2359
  2359 2359 2359 2359 2359 2359 2359 2359 2359 2359 2359 2359 2359 2359
  2359 2359 2359 2359 2359 2359 2359 2359 2359 2359 2359 2359 2359 2359
  2359 2359 2359 2359 2359 2359 2359 2359 2359 2359 2359 2359 2359 2359
  2359 2359 2359 2359 2359 2359 2359 2359 2359 2359 2359 2359 2359 2359
  2359 2359 2359 2359 2359 2359 2359 2359 2359]
 [2359 2359 2359 2359 2359 2359 2359 2359 2359 2359 2359 2359 2359 2359
  2359 2359 2359 2359 2359 2359 2359 2359 2359 2359 2359 2359 2359 2379
  2379 2379 2379 2379 2379 2379 2379 2379 2379 2379 2379 2378 2378 2378
  2378 2378 2400 2359 2359 2359 2359 2359 2359 2359 2359 2359 2359 2359
  2359 2359 2359 2359 2359 2359 2359 2359 2359 2359 2359 2359 2359 2359
  2359 2359 2359 2359 2359 2359 2359 2359 2359]
 [2359 2359 2359 2359 2359 2359 2359 2359 2359 2359 2359 2359 2359 2359
  2359 2359 2359 2359 2359 2359 2359 2359 2359 2359 2359 2359 2379 2359
  2353 2379 2379 2379 2379 2379 2379 2379 2379 2379 2379 2353 2378 2378
  2378 2378 2400 2359 2359 2359 2359 2359 2359 2359 2359 2359 2359 2359
  2359 2359 2359 2359 2359 2359 2359 2359 2359 2359 2359 2359 2359 2359
  2359 2359 2359 2359 2359 2359 2359 2359 2359]
 [2359 2359 2359 2359 2359 2359 2359 2359 2359 2359 2359 2359 2359 2359
  2359 2359 2359 2359 2359 2359 2359 2359 2359 2359 2359 2359 2379 2379
  2379 2379 2379 2379 2379 2379 2379 2379 2379 2379 2353 2379 2378   87
  2378 2378 2400 2359 2359 2359 2359 2359 2359 2359 2359 2359 2359 2359
  2359 2359 2359 2359 2359 2359 2359 2359 2359 2359 2359 2359 2359 2359
  2359 2359 2359 2359 2359 2359 2359 2359 2359]
 [2359 2359 2359 2359 2359 2359 2359 2359 2359 2359 2359 2359 2359 2359
  2359 2359 2359 2359 2359 2359 2359 2359 2359 2359 2359 2359 2379 2379
  2379 2379 2379 2379 2379 2379 2379 2379 2379 2382 2379 2379 2379 2353
   337 2378 2400 2359 2359 2359 2359 2359 2359 2359 2359 2359 2359 2359
  2359 2359 2359 2359 2359 2359 2359 2359 2359 2359 2359 2359 2359 2359
  2359 2359 2359 2359 2359 2359 2359 2359 2359]
 [2359 2359 2359 2359 2359 2359 2359 2359 2359 2359 2359 2359 2359 2359
  2359 2359 2359 2359 2359 2359 2359 2359 2359 2359 2359 2359 2359 2353
  2379 2379 2379 2379 2379 2379 2379 2379 2379 2379 2379 2379 1925 2378
   115 2378 2400 2359 2359 2359 2359 2359 2359 2359 2359 2359 2359 2359
  2359 2359 2359 2359 2359 2359 2359 2359 2359 2359 2359 2359 2359 2359
  2359 2359 2359 2359 2359 2359 2359 2359 2359]
 [2359 2359 2359 2359 2359 2359 2359 2359 2359 2359 2359 2359 2359 2359
  2359 2359 2359 2359 2359 2359 2359 2359 2359 2359 2359 2359 2379 2379
  2379 2379 2379 2379 2379 2379 2379 2379 2379 2379 2378   13 2378 2378
  2378 2378 2400 2359 2359 2359 2359 2359 2359 2359 2359 2359 2359 2359
  2359 2359 2359 2359 2359 2359 2359 2359 2359 2359 2359 2359 2359 2359
  2359 2359 2359 2359 2359 2359 2359 2359 2359]
 [2359 2359 2359 2359 2359 2359 2359 2359 2359 2359 2359 2359 2359 2359
  2359 2359 2359 2359 2359 2359 2359 2359 2359 2359 2359 2359 2379 2379
  2379 2379 2379 2379 2379 2379 2379 2379 2378 2378 2378 2378 2378 2378
  2378 2378 2400 2359 2359 2359 2359 2359 2359 2359 2359 2359 2359 2359
  2359 2359 2359 2359 2359 2359 2359 2359 2359 2359 2359 2359 2359 2359
  2359 2359 2359 2359 2359 2359 2359 2359 2359]
 [2359 2359 2359 2359 2359 2359 2359 2359 2359 2359 2359 2359 2359 2359
  2359 2359 2359 2359 2359 2359 2359 2359 2359 2359 2359 2359 2359 2359
  2359 2359 2359 2359 2359 2359 2359 2359 2359 2359 2359 2359 2359 2359
  2359 2359 2359 2359 2359 2359 2359 2359 2359 2359 2359 2359 2359 2359
  2359 2359 2359 2359 2359 2359 2359 2359 2359 2359 2359 2359 2359 2359
  2359 2359 2359 2359 2359 2359 2359 2359 2359]
 [2359 2359 2359 2359 2359 2359 2359 2359 2359 2359 2359 2359 2359 2359
  2359 2359 2359 2359 2359 2359 2359 2359 2359 2359 2359 2359 2359 2359
  2359 2359 2359 2359 2359 2359 2359 2359 2359 2359 2359 2359 2359 2359
  2359 2359 2359 2359 2359 2359 2359 2359 2359 2359 2359 2359 2359 2359
  2359 2359 2359 2359 2359 2359 2359 2359 2359 2359 2359 2359 2359 2359
  2359 2359 2359 2359 2359 2359 2359 2359 2359]
 [2359 2359 2359 2359 2359 2359 2359 2359 2359 2359 2359 2359 2359 2359
  2359 2359 2359 2359 2359 2359 2359 2359 2359 2359 2359 2359 2359 2359
  2359 2359 2359 2359 2359 2359 2359 2359 2359 2359 2359 2359 2359 2359
  2359 2359 2359 2359 2359 2359 2359 2359 2359 2359 2359 2359 2359 2359
  2359 2359 2359 2359 2359 2359 2359 2359 2359 2359 2359 2359 2359 2359
  2359 2359 2359 2359 2359 2359 2359 2359 2359]
 [2359 2359 2359 2359 2359 2359 2359 2359 2359 2359 2359 2359 2359 2359
  2359 2359 2359 2359 2359 2359 2359 2359 2359 2359 2359 2359 2359 2359
  2359 2359 2359 2359 2359 2359 2359 2359 2359 2359 2359 2359 2359 2359
  2359 2359 2359 2359 2359 2359 2359 2359 2359 2359 2359 2359 2359 2359
  2359 2359 2359 2359 2359 2359 2359 2359 2359 2359 2359 2359 2359 2359
  2359 2359 2359 2359 2359 2359 2359 2359 2359]
 [2359 2359 2359 2359 2359 2359 2359 2359 2359 2359 2359 2359 2359 2359
  2359 2359 2359 2359 2359 2359 2359 2359 2359 2359 2359 2359 2359 2359
  2359 2359 2359 2359 2359 2359 2359 2359 2359 2359 2359 2359 2359 2359
  2359 2359 2359 2359 2359 2359 2359 2359 2359 2359 2359 2359 2359 2359
  2359 2359 2359 2359 2359 2359 2359 2359 2359 2359 2359 2359 2359 2359
  2359 2359 2359 2359 2359 2359 2359 2359 2359]
 [2359 2359 2359 2359 2359 2359 2359 2359 2359 2359 2359 2359 2359 2359
  2359 2359 2359 2359 2359 2359 2359 2359 2359 2359 2359 2359 2359 2359
  2359 2359 2359 2359 2359 2359 2359 2359 2359 2359 2359 2359 2359 2359
  2359 2359 2359 2359 2359 2359 2359 2359 2359 2359 2359 2359 2359 2359
  2359 2359 2359 2359 2359 2359 2359 2359 2359 2359 2359 2359 2359 2359
  2359 2359 2359 2359 2359 2359 2359 2359 2359]
 [2359 2359 2359 2359 2359 2359 2359 2359 2359 2359 2359 2359 2359 2359
  2359 2359 2359 2359 2359 2359 2359 2359 2359 2359 2359 2359 2359 2359
  2359 2359 2359 2359 2359 2359 2359 2359 2359 2359 2359 2359 2359 2359
  2359 2359 2359 2359 2359 2359 2359 2359 2359 2359 2359 2359 2359 2359
  2359 2359 2359 2359 2359 2359 2359 2359 2359 2359 2359 2359 2359 2359
  2359 2359 2359 2359 2359 2359 2359 2359 2359]]

[[2359 2359 2359 2359 2359 2359 2359 2359 2359 2359 2359 2359 2359 2359
  2359 2359 2359 2359 2359 2359 2359 2359 2359 2359 2359 2359 2359 2359
  2359 2359 2359 2359 2359 2359 2359 2359 2359 2359 2359 2359 2359 2359
  2359 2359 2359 2359 2359 2359 2359 2359 2359 2359 2359 2359 2359 2359
  2359 2359 2359 2359 2359 2359 2359 2359 2359 2359 2359 2359 2359 2359
  2359 2359 2359 2359 2359 2359 2359 2359 2359]
 [2359 2359 2359 2359 2359 2359 2359 2359 2359 2359 2359 2359 2359 2359
  2359 2359 2359 2359 2359 2359 2359 2359 2359 2359 2359 2359 2359 2359
  2359 2359 2359 2359 2359 2359 2359 2359 2359 2359 2359 2359 2359 2359
  2359 2359 2359 2359 2359 2359 2359 2359 2359 2359 2359 2359 2359 2359
  2359 2359 2359 2359 2359 2359 2359 2359 2359 2359 2359 2359 2359 2359
  2359 2359 2359 2359 2359 2359 2359 2359 2359]
 [2359 2359 2359 2359 2359 2359 2359 2359 2359 2359 2359 2359 2359 2359
  2359 2359 2359 2359 2359 2359 2359 2359 2359 2359 2359 2359 2359 2359
  2359 2359 2359 2359 2359 2359 2359 2359 2359 2359 2359 2359 2359 2359
  2359 2359 2359 2359 2359 2359 2359 2359 2359 2359 2359 2359 2359 2359
  2359 2359 2359 2359 2359 2359 2359 2359 2359 2359 2359 2359 2359 2359
  2359 2359 2359 2359 2359 2359 2359 2359 2359]
 [2359 2359 2359 2359 2359 2359 2359 2359 2359 2359 2359 2359 2359 2359
  2359 2359 2359 2359 2359 2359 2359 2359 2359 2359 2359 2359 2359 2359
  2359 2359 2359 2359 2359 2359 2359 2359 2359 2359 2359 2359 2359 2359
  2359 2359 2359 2359 2359 2359 2359 2359 2359 2359 2359 2359 2359 2359
  2359 2359 2359 2359 2359 2359 2359 2359 2359 2359 2359 2359 2359 2359
  2359 2359 2359 2359 2359 2359 2359 2359 2359]
 [2359 2359 2359 2359 2359 2359 2359 2359 2359 2359 2359 2359 2359 2359
  2359 2359 2359 2359 2359 2359 2359 2359 2359 2359 2359 2359 2359 2359
  2359 2359 2359 2359 2359 2359 2359 2359 2359 2359 2359 2359 2359 2359
  2359 2359 2359 2359 2359 2359 2359 2359 2359 2359 2359 2359 2359 2359
  2359 2359 2359 2359 2359 2359 2359 2359 2359 2359 2359 2359 2359 2359
  2359 2359 2359 2359 2359 2359 2359 2359 2359]
 [2359 2359 2359 2359 2359 2359 2359 2359 2359 2359 2359 2359 2359 2359
  2359 2359 2359 2359 2359 2359 2359 2359 2359 2359 2359 2359 2359 2359
  2359 2359 2359 2359 2359 2359 2359 2359 2359 2359 2359 2359 2359 2359
  2359 2359 2359 2359 2359 2359 2359 2359 2359 2359 2359 2359 2359 2359
  2359 2359 2359 2359 2359 2359 2359 2359 2359 2359 2359 2359 2359 2359
  2359 2359 2359 2359 2359 2359 2359 2359 2359]
 [2359 2359 2359 2359 2359 2359 2359 2359 2359 2359 2359 2359 2359 2359
  2359 2359 2359 2359 2359 2359 2359 2359 2359 2359 2359 2359 2359 2359
  2359 2359 2359 2359 2359 2359 2359 2359 2359 2359 2359 2359 2359 2359
  2359 2359 2359 2359 2359 2359 2359 2359 2359 2359 2359 2359 2359 2359
  2359 2359 2359 2359 2359 2359 2359 2359 2359 2359 2359 2359 2359 2359
  2359 2359 2359 2359 2359 2359 2359 2359 2359]
 [2359 2359 2359 2359 2359 2359 2359 2359 2359 2359 2359 2359 2359 2359
  2359 2359 2359 2359 2359 2359 2359 2359 2359 2359 2359 2359 2359 2379
  2379 2379 2379 2379 2379 2379 2379 2379 2379 2379 2379 2378 2378 2378
  2378 2378 2400 2359 2359 2359 2359 2359 2359 2359 2359 2359 2359 2359
  2359 2359 2359 2359 2359 2359 2359 2359 2359 2359 2359 2359 2359 2359
  2359 2359 2359 2359 2359 2359 2359 2359 2359]
 [2359 2359 2359 2359 2359 2359 2359 2359 2359 2359 2359 2359 2359 2359
  2359 2359 2359 2359 2359 2359 2359 2359 2359 2359 2359 2359 2379 2359
  2353 2378 2378 2379 2379 2379 2379 2379 2379 2379 2379 2353 2378 2378
  2378 2378 2400 2359 2359 2359 2359 2359 2359 2359 2359 2359 2359 2359
  2359 2359 2359 2359 2359 2359 2359 2359 2359 2359 2359 2359 2359 2359
  2359 2359 2359 2359 2359 2359 2359 2359 2359]
 [2359 2359 2359 2359 2359 2359 2359 2359 2359 2359 2359 2359 2359 2359
  2359 2359 2359 2359 2359 2359 2359 2359 2359 2359 2359 2359 2378 2378
  2378 2378 2378 2378 2378 2378 2378 2379 2379 2379 2353 2379 2379 2378
  2378 2378 2400 2359 2359 2359 2359 2359 2359 2359 2359 2359 2359 2359
  2359 2359 2359 2359 2359 2359 2359 2359 2359 2359 2359 2359 2359 2359
  2359 2359 2359 2359 2359 2359 2359 2359 2359]
 [2359 2359 2359 2359 2359 2359 2359 2359 2359 2359 2359 2359 2359 2359
  2359 2359 2359 2359 2359 2359 2359 2359 2359 2359 2359 2359 2378 2378
  2378 2378 2378 2378 2378 2378 2378 2378 2378 2382 2378 2379 2379 2353
    87 2378 2400 2359 2359 2359 2359 2359 2359 2359 2359 2359 2359 2359
  2359 2359 2359 2359 2359 2359 2359 2359 2359 2359 2359 2359 2359 2359
  2359 2359 2359 2359 2359 2359 2359 2359 2359]
 [2359 2359 2359 2359 2359 2359 2359 2359 2359 2359 2359 2359 2359 2359
  2359 2359 2359 2359 2359 2359 2359 2359 2359 2359 2359 2359 2359 2353
  2378 2378 2378 2378 2378 2378 2378 2378 2378 2378 2378 2378   13 2378
   115  337 2400 2359 2359 2359 2359 2359 2359 2359 2359 2359 2359 2359
  2359 2359 2359 2359 2359 2359 2359 2359 2359 2359 2359 2359 2359 2359
  2359 2359 2359 2359 2359 2359 2359 2359 2359]
 [2359 2359 2359 2359 2359 2359 2359 2359 2359 2359 2359 2359 2359 2359
  2359 2359 2359 2359 2359 2359 2359 2359 2359 2359 2359 2359 2378 2378
  2378 2378 2378 2378 2378 2378 2378 2378 2378 2378 2378 2378 2378 2378
  2378 2378 2400 2359 2359 2359 2359 2359 2359 2359 2359 2359 2359 2359
  2359 2359 2359 2359 2359 2359 2359 2359 2359 2359 2359 2359 2359 2359
  2359 2359 2359 2359 2359 2359 2359 2359 2359]
 [2359 2359 2359 2359 2359 2359 2359 2359 2359 2359 2359 2359 2359 2359
  2359 2359 2359 2359 2359 2359 2359 2359 2359 2359 2359 2359 2378 2378
  2378 2378  155 2378 2378 2378 2378 2378 2378 2378 2378 2378 2378 2378
  2378 2378 2400 2359 2359 2359 2359 2359 2359 2359 2359 2359 2359 2359
  2359 2359 2359 2359 2359 2359 2359 2359 2359 2359 2359 2359 2359 2359
  2359 2359 2359 2359 2359 2359 2359 2359 2359]
 [2359 2359 2359 2359 2359 2359 2359 2359 2359 2359 2359 2359 2359 2359
  2359 2359 2359 2359 2359 2359 2359 2359 2359 2359 2359 2359 2359 2359
  2359 2359 2359 2359 2359 2359 2359 2359 2359 2359 2359 2359 2359 2359
  2359 2359 2359 2359 2359 2359 2359 2359 2359 2359 2359 2359 2359 2359
  2359 2359 2359 2359 2359 2359 2359 2359 2359 2359 2359 2359 2359 2359
  2359 2359 2359 2359 2359 2359 2359 2359 2359]
 [2359 2359 2359 2359 2359 2359 2359 2359 2359 2359 2359 2359 2359 2359
  2359 2359 2359 2359 2359 2359 2359 2359 2359 2359 2359 2359 2359 2359
  2359 2359 2359 2359 2359 2359 2359 2359 2359 2359 2359 2359 2359 2359
  2359 2359 2359 2359 2359 2359 2359 2359 2359 2359 2359 2359 2359 2359
  2359 2359 2359 2359 2359 2359 2359 2359 2359 2359 2359 2359 2359 2359
  2359 2359 2359 2359 2359 2359 2359 2359 2359]
 [2359 2359 2359 2359 2359 2359 2359 2359 2359 2359 2359 2359 2359 2359
  2359 2359 2359 2359 2359 2359 2359 2359 2359 2359 2359 2359 2359 2359
  2359 2359 2359 2359 2359 2359 2359 2359 2359 2359 2359 2359 2359 2359
  2359 2359 2359 2359 2359 2359 2359 2359 2359 2359 2359 2359 2359 2359
  2359 2359 2359 2359 2359 2359 2359 2359 2359 2359 2359 2359 2359 2359
  2359 2359 2359 2359 2359 2359 2359 2359 2359]
 [2359 2359 2359 2359 2359 2359 2359 2359 2359 2359 2359 2359 2359 2359
  2359 2359 2359 2359 2359 2359 2359 2359 2359 2359 2359 2359 2359 2359
  2359 2359 2359 2359 2359 2359 2359 2359 2359 2359 2359 2359 2359 2359
  2359 2359 2359 2359 2359 2359 2359 2359 2359 2359 2359 2359 2359 2359
  2359 2359 2359 2359 2359 2359 2359 2359 2359 2359 2359 2359 2359 2359
  2359 2359 2359 2359 2359 2359 2359 2359 2359]
 [2359 2359 2359 2359 2359 2359 2359 2359 2359 2359 2359 2359 2359 2359
  2359 2359 2359 2359 2359 2359 2359 2359 2359 2359 2359 2359 2359 2359
  2359 2359 2359 2359 2359 2359 2359 2359 2359 2359 2359 2359 2359 2359
  2359 2359 2359 2359 2359 2359 2359 2359 2359 2359 2359 2359 2359 2359
  2359 2359 2359 2359 2359 2359 2359 2359 2359 2359 2359 2359 2359 2359
  2359 2359 2359 2359 2359 2359 2359 2359 2359]
 [2359 2359 2359 2359 2359 2359 2359 2359 2359 2359 2359 2359 2359 2359
  2359 2359 2359 2359 2359 2359 2359 2359 2359 2359 2359 2359 2359 2359
  2359 2359 2359 2359 2359 2359 2359 2359 2359 2359 2359 2359 2359 2359
  2359 2359 2359 2359 2359 2359 2359 2359 2359 2359 2359 2359 2359 2359
  2359 2359 2359 2359 2359 2359 2359 2359 2359 2359 2359 2359 2359 2359
  2359 2359 2359 2359 2359 2359 2359 2359 2359]
 [2359 2359 2359 2359 2359 2359 2359 2359 2359 2359 2359 2359 2359 2359
  2359 2359 2359 2359 2359 2359 2359 2359 2359 2359 2359 2359 2359 2359
  2359 2359 2359 2359 2359 2359 2359 2359 2359 2359 2359 2359 2359 2359
  2359 2359 2359 2359 2359 2359 2359 2359 2359 2359 2359 2359 2359 2359
  2359 2359 2359 2359 2359 2359 2359 2359 2359 2359 2359 2359 2359 2359
  2359 2359 2359 2359 2359 2359 2359 2359 2359]]

[[2359 2359 2359 2359 2359 2359 2359 2359 2359 2359 2359 2359 2359 2359
  2359 2359 2359 2359 2359 2359 2359 2359 2359 2359 2359 2359 2359 2359
  2359 2359 2359 2359 2359 2359 2359 2359 2359 2359 2359 2359 2359 2359
  2359 2359 2359 2359 2359 2359 2359 2359 2359 2359 2359 2359 2359 2359
  2359 2359 2359 2359 2359 2359 2359 2359 2359 2359 2359 2359 2359 2359
  2359 2359 2359 2359 2359 2359 2359 2359 2359]
 [2359 2359 2359 2359 2359 2359 2359 2359 2359 2359 2359 2359 2359 2359
  2359 2359 2359 2359 2359 2359 2359 2359 2359 2359 2359 2359 2359 2359
  2359 2359 2359 2359 2359 2359 2359 2359 2359 2359 2359 2359 2359 2359
  2359 2359 2359 2359 2359 2359 2359 2359 2359 2359 2359 2359 2359 2359
  2359 2359 2359 2359 2359 2359 2359 2359 2359 2359 2359 2359 2359 2359
  2359 2359 2359 2359 2359 2359 2359 2359 2359]
 [2359 2359 2359 2359 2359 2359 2359 2359 2359 2359 2359 2359 2359 2359
  2359 2359 2359 2359 2359 2359 2359 2359 2359 2359 2359 2359 2359 2359
  2359 2359 2359 2359 2359 2359 2359 2359 2359 2359 2359 2359 2359 2359
  2359 2359 2359 2359 2359 2359 2359 2359 2359 2359 2359 2359 2359 2359
  2359 2359 2359 2359 2359 2359 2359 2359 2359 2359 2359 2359 2359 2359
  2359 2359 2359 2359 2359 2359 2359 2359 2359]
 [2359 2359 2359 2359 2359 2359 2359 2359 2359 2359 2359 2359 2359 2359
  2359 2359 2359 2359 2359 2359 2359 2359 2359 2359 2359 2359 2359 2359
  2359 2359 2359 2359 2359 2359 2359 2359 2359 2359 2359 2359 2359 2359
  2359 2359 2359 2359 2359 2359 2359 2359 2359 2359 2359 2359 2359 2359
  2359 2359 2359 2359 2359 2359 2359 2359 2359 2359 2359 2359 2359 2359
  2359 2359 2359 2359 2359 2359 2359 2359 2359]
 [2359 2359 2359 2359 2359 2359 2359 2359 2359 2359 2359 2359 2359 2359
  2359 2359 2359 2359 2359 2359 2359 2359 2359 2359 2359 2359 2359 2359
  2359 2359 2359 2359 2359 2359 2359 2359 2359 2359 2359 2359 2359 2359
  2359 2359 2359 2359 2359 2359 2359 2359 2359 2359 2359 2359 2359 2359
  2359 2359 2359 2359 2359 2359 2359 2359 2359 2359 2359 2359 2359 2359
  2359 2359 2359 2359 2359 2359 2359 2359 2359]
 [2359 2359 2359 2359 2359 2359 2359 2359 2359 2359 2359 2359 2359 2359
  2359 2359 2359 2359 2359 2359 2359 2359 2359 2359 2359 2359 2359 2359
  2359 2359 2359 2359 2359 2359 2359 2359 2359 2359 2359 2359 2359 2359
  2359 2359 2359 2359 2359 2359 2359 2359 2359 2359 2359 2359 2359 2359
  2359 2359 2359 2359 2359 2359 2359 2359 2359 2359 2359 2359 2359 2359
  2359 2359 2359 2359 2359 2359 2359 2359 2359]
 [2359 2359 2359 2359 2359 2359 2359 2359 2359 2359 2359 2359 2359 2359
  2359 2359 2359 2359 2359 2359 2359 2359 2359 2359 2359 2359 2359 2359
  2359 2359 2359 2359 2359 2359 2359 2359 2359 2359 2359 2359 2359 2359
  2359 2359 2359 2359 2359 2359 2359 2359 2359 2359 2359 2359 2359 2359
  2359 2359 2359 2359 2359 2359 2359 2359 2359 2359 2359 2359 2359 2359
  2359 2359 2359 2359 2359 2359 2359 2359 2359]
 [2359 2359 2359 2359 2359 2359 2359 2359 2359 2359 2359 2359 2359 2359
  2359 2359 2359 2359 2359 2359 2359 2359 2359 2359 2359 2359 2359 2378
  2378 2378 2378 2378 2378 2379 2379 2379 2379 2379 2379 2379 2378 2378
  2378 2378 2400 2359 2359 2359 2359 2359 2359 2359 2359 2359 2359 2359
  2359 2359 2359 2359 2359 2359 2359 2359 2359 2359 2359 2359 2359 2359
  2359 2359 2359 2359 2359 2359 2359 2359 2359]
 [2359 2359 2359 2359 2359 2359 2359 2359 2359 2359 2359 2359 2359 2359
  2359 2359 2359 2359 2359 2359 2359 2359 2359 2359 2359 2359 2379 2359
  2353 2378 2378 2378 2378 2378 2378 2379 2379 2379 2379 2353 2379 2378
  2378 2378 2400 2359 2359 2359 2359 2359 2359 2359 2359 2359 2359 2359
  2359 2359 2359 2359 2359 2359 2359 2359 2359 2359 2359 2359 2359 2359
  2359 2359 2359 2359 2359 2359 2359 2359 2359]
 [2359 2359 2359 2359 2359 2359 2359 2359 2359 2359 2359 2359 2359 2359
  2359 2359 2359 2359 2359 2359 2359 2359 2359 2359 2359 2359 2378 2378
  2378 2378 2378 2378 2378 2378 2378 2378 2378 2379 2353 2379 2379 2378
  2378 2378 2400 2359 2359 2359 2359 2359 2359 2359 2359 2359 2359 2359
  2359 2359 2359 2359 2359 2359 2359 2359 2359 2359 2359 2359 2359 2359
  2359 2359 2359 2359 2359 2359 2359 2359 2359]
 [2359 2359 2359 2359 2359 2359 2359 2359 2359 2359 2359 2359 2359 2359
  2359 2359 2359 2359 2359 2359 2359 2359 2359 2359 2359 2359 2378 2378
  2378 2378 2378 2378 2378 2378 2378 2378 2378 2382 2378 2378 2378 2353
  2378 2378 2400 2400 2359 2359 2359 2359 2359 2359 2359 2359 2359 2359
  2359 2359 2359 2359 2359 2359 2359 2359 2359 2359 2359 2359 2359 2359
  2359 2359 2359 2359 2359 2359 2359 2359 2359]
 [2359 2359 2359 2359 2359 2359 2359 2359 2359 2359 2359 2359 2359 2359
  2359 2359 2359 2359 2359 2359 2359 2359 2359 2359 2359 2359 2359 2353
  2378 2378 2378 2378 2378 2378 2378 2378 2378 2378 2378 2378 1925 2378
  2378   87 2400 2400 2359 2359 2359 2359 2359 2359 2359 2359 2359 2359
  2359 2359 2359 2359 2359 2359 2359 2359 2359 2359 2359 2359 2359 2359
  2359 2359 2359 2359 2359 2359 2359 2359 2359]
 [2359 2359 2359 2359 2359 2359 2359 2359 2359 2359 2359 2359 2359 2359
  2359 2359 2359 2359 2359 2359 2359 2359 2359 2359 2359 2359 2378 2378
  2378 2378 2378 2378 2378 2378 2378 2378 2378 2378 2378 2378 2378   13
   115  337 2400 2400 2359 2359 2359 2359 2359 2359 2359 2359 2359 2359
  2359 2359 2359 2359 2359 2359 2359 2359 2359 2359 2359 2359 2359 2359
  2359 2359 2359 2359 2359 2359 2359 2359 2359]
 [2359 2359 2359 2359 2359 2359 2359 2359 2359 2359 2359 2359 2359 2359
  2359 2359 2359 2359 2359 2359 2359 2359 2359 2359 2359 2359 2378 2378
  2378 2378  155 2378 2378 2378 2378 2378 2378 2378 2378 2378 2378 2378
  2378 2378 2400 2359 2359 2359 2359 2359 2359 2359 2359 2359 2359 2359
  2359 2359 2359 2359 2359 2359 2359 2359 2359 2359 2359 2359 2359 2359
  2359 2359 2359 2359 2359 2359 2359 2359 2359]
 [2359 2359 2359 2359 2359 2359 2359 2359 2359 2359 2359 2359 2359 2359
  2359 2359 2359 2359 2359 2359 2359 2359 2359 2359 2359 2359 2359 2359
  2359 2359 2359 2359 2359 2359 2359 2359 2359 2359 2359 2359 2359 2359
  2359 2359 2359 2359 2359 2359 2359 2359 2359 2359 2359 2359 2359 2359
  2359 2359 2359 2359 2359 2359 2359 2359 2359 2359 2359 2359 2359 2359
  2359 2359 2359 2359 2359 2359 2359 2359 2359]
 [2359 2359 2359 2359 2359 2359 2359 2359 2359 2359 2359 2359 2359 2359
  2359 2359 2359 2359 2359 2359 2359 2359 2359 2359 2359 2359 2359 2359
  2359 2359 2359 2359 2359 2359 2359 2359 2359 2359 2359 2359 2359 2359
  2359 2359 2359 2359 2359 2359 2359 2359 2359 2359 2359 2359 2359 2359
  2359 2359 2359 2359 2359 2359 2359 2359 2359 2359 2359 2359 2359 2359
  2359 2359 2359 2359 2359 2359 2359 2359 2359]
 [2359 2359 2359 2359 2359 2359 2359 2359 2359 2359 2359 2359 2359 2359
  2359 2359 2359 2359 2359 2359 2359 2359 2359 2359 2359 2359 2359 2359
  2359 2359 2359 2359 2359 2359 2359 2359 2359 2359 2359 2359 2359 2359
  2359 2359 2359 2359 2359 2359 2359 2359 2359 2359 2359 2359 2359 2359
  2359 2359 2359 2359 2359 2359 2359 2359 2359 2359 2359 2359 2359 2359
  2359 2359 2359 2359 2359 2359 2359 2359 2359]
 [2359 2359 2359 2359 2359 2359 2359 2359 2359 2359 2359 2359 2359 2359
  2359 2359 2359 2359 2359 2359 2359 2359 2359 2359 2359 2359 2359 2359
  2359 2359 2359 2359 2359 2359 2359 2359 2359 2359 2359 2359 2359 2359
  2359 2359 2359 2359 2359 2359 2359 2359 2359 2359 2359 2359 2359 2359
  2359 2359 2359 2359 2359 2359 2359 2359 2359 2359 2359 2359 2359 2359
  2359 2359 2359 2359 2359 2359 2359 2359 2359]
 [2359 2359 2359 2359 2359 2359 2359 2359 2359 2359 2359 2359 2359 2359
  2359 2359 2359 2359 2359 2359 2359 2359 2359 2359 2359 2359 2359 2359
  2359 2359 2359 2359 2359 2359 2359 2359 2359 2359 2359 2359 2359 2359
  2359 2359 2359 2359 2359 2359 2359 2359 2359 2359 2359 2359 2359 2359
  2359 2359 2359 2359 2359 2359 2359 2359 2359 2359 2359 2359 2359 2359
  2359 2359 2359 2359 2359 2359 2359 2359 2359]
 [2359 2359 2359 2359 2359 2359 2359 2359 2359 2359 2359 2359 2359 2359
  2359 2359 2359 2359 2359 2359 2359 2359 2359 2359 2359 2359 2359 2359
  2359 2359 2359 2359 2359 2359 2359 2359 2359 2359 2359 2359 2359 2359
  2359 2359 2359 2359 2359 2359 2359 2359 2359 2359 2359 2359 2359 2359
  2359 2359 2359 2359 2359 2359 2359 2359 2359 2359 2359 2359 2359 2359
  2359 2359 2359 2359 2359 2359 2359 2359 2359]
 [2359 2359 2359 2359 2359 2359 2359 2359 2359 2359 2359 2359 2359 2359
  2359 2359 2359 2359 2359 2359 2359 2359 2359 2359 2359 2359 2359 2359
  2359 2359 2359 2359 2359 2359 2359 2359 2359 2359 2359 2359 2359 2359
  2359 2359 2359 2359 2359 2359 2359 2359 2359 2359 2359 2359 2359 2359
  2359 2359 2359 2359 2359 2359 2359 2359 2359 2359 2359 2359 2359 2359
  2359 2359 2359 2359 2359 2359 2359 2359 2359]]

[[2359 2359 2359 2359 2359 2359 2359 2359 2359 2359 2359 2359 2359 2359
  2359 2359 2359 2359 2359 2359 2359 2359 2359 2359 2359 2359 2359 2359
  2359 2359 2359 2359 2359 2359 2359 2359 2359 2359 2359 2359 2359 2359
  2359 2359 2359 2359 2359 2359 2359 2359 2359 2359 2359 2359 2359 2359
  2359 2359 2359 2359 2359 2359 2359 2359 2359 2359 2359 2359 2359 2359
  2359 2359 2359 2359 2359 2359 2359 2359 2359]
 [2359 2359 2359 2359 2359 2359 2359 2359 2359 2359 2359 2359 2359 2359
  2359 2359 2359 2359 2359 2359 2359 2359 2359 2359 2359 2359 2359 2359
  2359 2359 2359 2359 2359 2359 2359 2359 2359 2359 2359 2359 2359 2359
  2359 2359 2359 2359 2359 2359 2359 2359 2359 2359 2359 2359 2359 2359
  2359 2359 2359 2359 2359 2359 2359 2359 2359 2359 2359 2359 2359 2359
  2359 2359 2359 2359 2359 2359 2359 2359 2359]
 [2359 2359 2359 2359 2359 2359 2359 2359 2359 2359 2359 2359 2359 2359
  2359 2359 2359 2359 2359 2359 2359 2359 2359 2359 2359 2359 2359 2359
  2359 2359 2359 2359 2359 2359 2359 2359 2359 2359 2359 2359 2359 2359
  2359 2359 2359 2359 2359 2359 2359 2359 2359 2359 2359 2359 2359 2359
  2359 2359 2359 2359 2359 2359 2359 2359 2359 2359 2359 2359 2359 2359
  2359 2359 2359 2359 2359 2359 2359 2359 2359]
 [2359 2359 2359 2359 2359 2359 2359 2359 2359 2359 2359 2359 2359 2359
  2359 2359 2359 2359 2359 2359 2359 2359 2359 2359 2359 2359 2359 2359
  2359 2359 2359 2359 2359 2359 2359 2359 2359 2359 2359 2359 2359 2359
  2359 2359 2359 2359 2359 2359 2359 2359 2359 2359 2359 2359 2359 2359
  2359 2359 2359 2359 2359 2359 2359 2359 2359 2359 2359 2359 2359 2359
  2359 2359 2359 2359 2359 2359 2359 2359 2359]
 [2359 2359 2359 2359 2359 2359 2359 2359 2359 2359 2359 2359 2359 2359
  2359 2359 2359 2359 2359 2359 2359 2359 2359 2359 2359 2359 2359 2359
  2359 2359 2359 2359 2359 2359 2359 2359 2359 2359 2359 2359 2359 2359
  2359 2359 2359 2359 2359 2359 2359 2359 2359 2359 2359 2359 2359 2359
  2359 2359 2359 2359 2359 2359 2359 2359 2359 2359 2359 2359 2359 2359
  2359 2359 2359 2359 2359 2359 2359 2359 2359]
 [2359 2359 2359 2359 2359 2359 2359 2359 2359 2359 2359 2359 2359 2359
  2359 2359 2359 2359 2359 2359 2359 2359 2359 2359 2359 2359 2359 2359
  2359 2359 2359 2359 2359 2359 2359 2359 2359 2359 2359 2359 2359 2359
  2359 2359 2359 2359 2359 2359 2359 2359 2359 2359 2359 2359 2359 2359
  2359 2359 2359 2359 2359 2359 2359 2359 2359 2359 2359 2359 2359 2359
  2359 2359 2359 2359 2359 2359 2359 2359 2359]
 [2359 2359 2359 2359 2359 2359 2359 2359 2359 2359 2359 2359 2359 2359
  2359 2359 2359 2359 2359 2359 2359 2359 2359 2359 2359 2359 2359 2359
  2359 2359 2359 2359 2359 2359 2359 2359 2359 2359 2359 2359 2359 2359
  2359 2359 2359 2359 2359 2359 2359 2359 2359 2359 2359 2359 2359 2359
  2359 2359 2359 2359 2359 2359 2359 2359 2359 2359 2359 2359 2359 2359
  2359 2359 2359 2359 2359 2359 2359 2359 2359]
 [2359 2359 2359 2359 2359 2359 2359 2359 2359 2359 2359 2359 2359 2359
  2359 2359 2359 2359 2359 2359 2359 2359 2359 2359 2359 2359 2359 2378
  2378 2378 2378 2378 2378 2379 2379 2379 2379 2379 2379 2379 2378 2378
  2378 2378 2400 2359 2359 2359 2359 2359 2359 2359 2359 2359 2359 2359
  2359 2359 2359 2359 2359 2359 2359 2359 2359 2359 2359 2359 2359 2359
  2359 2359 2359 2359 2359 2359 2359 2359 2359]
 [2359 2359 2359 2359 2359 2359 2359 2359 2359 2359 2359 2359 2359 2359
  2359 2359 2359 2359 2359 2359 2359 2359 2359 2359 2359 2359 2379 2359
  2353 2378 2378 2378 2378 2378 2378 2379 2379 2379 2379 2353 2379 2378
  2378 2378 2400 2359 2359 2359 2359 2359 2359 2359 2359 2359 2359 2359
  2359 2359 2359 2359 2359 2359 2359 2359 2359 2359 2359 2359 2359 2359
  2359 2359 2359 2359 2359 2359 2359 2359 2359]
 [2359 2359 2359 2359 2359 2359 2359 2359 2359 2359 2359 2359 2359 2359
  2359 2359 2359 2359 2359 2359 2359 2359 2359 2359 2359 2359 2378 2378
  2378 2378 2378 2378 2378 2378 2378 2378 2378 2379 2353 2379 2379 2378
  2378 2378 2400 2359 2359 2359 2359 2359 2359 2359 2359 2359 2359 2359
  2359 2359 2359 2359 2359 2359 2359 2359 2359 2359 2359 2359 2359 2359
  2359 2359 2359 2359 2359 2359 2359 2359 2359]
 [2359 2359 2359 2359 2359 2359 2359 2359 2359 2359 2359 2359 2359 2359
  2359 2359 2359 2359 2359 2359 2359 2359 2359 2359 2359 2359 2378 2378
  2378 2378 2378 2378 2378 2378 2378 2378 2378 2382 2378 2378 2378 2353
  2378 2378 2400 2400 2359 2359 2359 2359 2359 2359 2359 2359 2359 2359
  2359 2359 2359 2359 2359 2359 2359 2359 2359 2359 2359 2359 2359 2359
  2359 2359 2359 2359 2359 2359 2359 2359 2359]
 [2359 2359 2359 2359 2359 2359 2359 2359 2359 2359 2359 2359 2359 2359
  2359 2359 2359 2359 2359 2359 2359 2359 2359 2359 2359 2359 2359 2353
  2378 2378 2378 2378 2378 2378 2378 2378 2378 2378 2378 2378 1925 2378
    13   87 2400 2400 2359 2359 2359 2359 2359 2359 2359 2359 2359 2359
  2359 2359 2359 2359 2359 2359 2359 2359 2359 2359 2359 2359 2359 2359
  2359 2359 2359 2359 2359 2359 2359 2359 2359]
 [2359 2359 2359 2359 2359 2359 2359 2359 2359 2359 2359 2359 2359 2359
  2359 2359 2359 2359 2359 2359 2359 2359 2359 2359 2359 2359 2378 2378
  2378 2378 2378 2378 2378 2378 2378 2378 2378 2378 2378 2378 2378 2378
   115  337 2400 2400 2359 2359 2359 2359 2359 2359 2359 2359 2359 2359
  2359 2359 2359 2359 2359 2359 2359 2359 2359 2359 2359 2359 2359 2359
  2359 2359 2359 2359 2359 2359 2359 2359 2359]
 [2359 2359 2359 2359 2359 2359 2359 2359 2359 2359 2359 2359 2359 2359
  2359 2359 2359 2359 2359 2359 2359 2359 2359 2359 2359 2359 2378 2378
  2378 2378  155 2378 2378 2378 2378 2378 2378 2378 2378 2378 2378 2378
  2378 2378 2400 2400 2359 2359 2359 2359 2359 2359 2359 2359 2359 2359
  2359 2359 2359 2359 2359 2359 2359 2359 2359 2359 2359 2359 2359 2359
  2359 2359 2359 2359 2359 2359 2359 2359 2359]
 [2359 2359 2359 2359 2359 2359 2359 2359 2359 2359 2359 2359 2359 2359
  2359 2359 2359 2359 2359 2359 2359 2359 2359 2359 2359 2359 2359 2359
  2359 2359 2359 2359 2359 2359 2359 2359 2359 2359 2359 2359 2359 2359
  2359 2359 2359 2359 2359 2359 2359 2359 2359 2359 2359 2359 2359 2359
  2359 2359 2359 2359 2359 2359 2359 2359 2359 2359 2359 2359 2359 2359
  2359 2359 2359 2359 2359 2359 2359 2359 2359]
 [2359 2359 2359 2359 2359 2359 2359 2359 2359 2359 2359 2359 2359 2359
  2359 2359 2359 2359 2359 2359 2359 2359 2359 2359 2359 2359 2359 2359
  2359 2359 2359 2359 2359 2359 2359 2359 2359 2359 2359 2359 2359 2359
  2359 2359 2359 2359 2359 2359 2359 2359 2359 2359 2359 2359 2359 2359
  2359 2359 2359 2359 2359 2359 2359 2359 2359 2359 2359 2359 2359 2359
  2359 2359 2359 2359 2359 2359 2359 2359 2359]
 [2359 2359 2359 2359 2359 2359 2359 2359 2359 2359 2359 2359 2359 2359
  2359 2359 2359 2359 2359 2359 2359 2359 2359 2359 2359 2359 2359 2359
  2359 2359 2359 2359 2359 2359 2359 2359 2359 2359 2359 2359 2359 2359
  2359 2359 2359 2359 2359 2359 2359 2359 2359 2359 2359 2359 2359 2359
  2359 2359 2359 2359 2359 2359 2359 2359 2359 2359 2359 2359 2359 2359
  2359 2359 2359 2359 2359 2359 2359 2359 2359]
 [2359 2359 2359 2359 2359 2359 2359 2359 2359 2359 2359 2359 2359 2359
  2359 2359 2359 2359 2359 2359 2359 2359 2359 2359 2359 2359 2359 2359
  2359 2359 2359 2359 2359 2359 2359 2359 2359 2359 2359 2359 2359 2359
  2359 2359 2359 2359 2359 2359 2359 2359 2359 2359 2359 2359 2359 2359
  2359 2359 2359 2359 2359 2359 2359 2359 2359 2359 2359 2359 2359 2359
  2359 2359 2359 2359 2359 2359 2359 2359 2359]
 [2359 2359 2359 2359 2359 2359 2359 2359 2359 2359 2359 2359 2359 2359
  2359 2359 2359 2359 2359 2359 2359 2359 2359 2359 2359 2359 2359 2359
  2359 2359 2359 2359 2359 2359 2359 2359 2359 2359 2359 2359 2359 2359
  2359 2359 2359 2359 2359 2359 2359 2359 2359 2359 2359 2359 2359 2359
  2359 2359 2359 2359 2359 2359 2359 2359 2359 2359 2359 2359 2359 2359
  2359 2359 2359 2359 2359 2359 2359 2359 2359]
 [2359 2359 2359 2359 2359 2359 2359 2359 2359 2359 2359 2359 2359 2359
  2359 2359 2359 2359 2359 2359 2359 2359 2359 2359 2359 2359 2359 2359
  2359 2359 2359 2359 2359 2359 2359 2359 2359 2359 2359 2359 2359 2359
  2359 2359 2359 2359 2359 2359 2359 2359 2359 2359 2359 2359 2359 2359
  2359 2359 2359 2359 2359 2359 2359 2359 2359 2359 2359 2359 2359 2359
  2359 2359 2359 2359 2359 2359 2359 2359 2359]
 [2359 2359 2359 2359 2359 2359 2359 2359 2359 2359 2359 2359 2359 2359
  2359 2359 2359 2359 2359 2359 2359 2359 2359 2359 2359 2359 2359 2359
  2359 2359 2359 2359 2359 2359 2359 2359 2359 2359 2359 2359 2359 2359
  2359 2359 2359 2359 2359 2359 2359 2359 2359 2359 2359 2359 2359 2359
  2359 2359 2359 2359 2359 2359 2359 2359 2359 2359 2359 2359 2359 2359
  2359 2359 2359 2359 2359 2359 2359 2359 2359]]

