[[2359 2359 2359 2359 2359 2359 2359 2359 2359 2359 2359 2359 2359 2359
  2359 2359 2359 2359 2359 2359 2359 2359 2359 2359 2359 2359 2359 2359
  2359 2359 2359 2359 2359 2359 2359 2359 2359 2359 2359 2359 2359 2359
  2359 2359 2359 2359 2359 2359 2359 2359 2359 2359 2359 2359 2359 2359
  2359 2359 2359 2359 2359 2359 2359 2359 2359 2359 2359 2359 2359 2359
  2359 2359 2359 2359 2359 2359 2359 2359 2359]
 [2359 2359 2359 2359 2359 2359 2359 2359 2359 2359 2359 2359 2359 2359
  2359 2359 2359 2359 2359 2359 2359 2359 2359 2359 2359 2359 2359 2359
  2359 2359 2359 2359 2359 2359 2359 2359 2359 2359 2359 2359 2359 2359
  2359 2359 2359 2359 2359 2359 2359 2359 2359 2359 2359 2359 2359 2359
  2359 2359 2359 2359 2359 2359 2359 2359 2359 2359 2359 2359 2359 2359
  2359 2359 2359 2359 2359 2359 2359 2359 2359]
 [2359 2359 2359 2359 2359 2359 2359 2359 2359 2359 2359 2359 2359 2359
  2359 2359 2359 2359 2359 2359 2359 2359 2359 2359 2359 2359 2359 2359
  2359 2359 2359 2359 2359 2359 2359 2359 2359 2359 2359 2359 2359 2359
  2359 2359 2359 2359 2359 2359 2359 2359 2359 2359 2359 2359 2359 2359
  2359 2359 2359 2359 2359 2359 2359 2359 2359 2359 2359 2359 2359 2359
  2359 2359 2359 2359 2359 2359 2359 2359 2359]
 [2359 2359 2359 2359 2359 2359 2359 2359 2359 2359 2359 2359 2359 2359
  2359 2359 2359 2359 2359 2359 2359 2359 2359 2359 2359 2359 2359 2359
  2359 2359 2359 2359 2359 2359 2359 2359 2359 2359 2359 2359 2359 2359
  2359 2359 2359 2359 2359 2359 2359 2359 2359 2359 2359 2359 2359 2359
  2359 2359 2359 2359 2359 2359 2359 2359 2359 2359 2359 2359 2359 2359
  2359 2359 2359 2359 2359 2359 2359 2359 2359]
 [2359 2359 2359 2359 2359 2359 2359 2359 2359 2359 2359 2359 2359 2359
  2359 2359 2359 2359 2359 2359 2359 2359 2359 2359 2359 2359 2359 2359
  2359 2359 2359 2359 2359 2359 2359 2359 2359 2359 2359 2359 2359 2359
  2359 2359 2359 2359 2359 2359 2359 2359 2359 2359 2359 2359 2359 2359
  2359 2359 2359 2359 2359 2359 2359 2359 2359 2359 2359 2359 2359 2359
  2359 2359 2359 2359 2359 2359 2359 2359 2359]
 [2359 2359 2359 2359 2359 2359 2359 2359 2359 2359 2359 2359 2359 2359
  2359 2359 2359 2359 2359 2359 2359 2359 2359 2359 2359 2359 2359 2359
  2359 2359 2359 2359 2359 2359 2359 2359 2359 2359 2359 2359 2359 2359
  2359 2359 2359 2359 2359 2359 2359 2359 2359 2359 2359 2359 2359 2359
  2359 2359 2359 2359 2359 2359 2359 2359 2359 2359 2359 2359 2359 2359
  2359 2359 2359 2359 2359 2359 2359 2359 2359]
 [2359 2359 2359 2359 2359 2359 2359 2359 2359 2359 2359 2359 2359 2359
  2359 2359 2359 2359 2359 2359 2359 2359 2359 2359 2359 2359 2359 2359
  2359 2359 2359 2359 2359 2359 2359 2359 2359 2359 2359 2359 2359 2359
  2359 2359 2359 2359 2359 2359 2359 2359 2359 2359 2359 2359 2359 2359
  2359 2359 2359 2359 2359 2359 2359 2359 2359 2359 2359 2359 2359 2359
  2359 2359 2359 2359 2359 2359 2359 2359 2359]
 [2359 2359 2359 2359 2359 2359 2359 2359 2359 2359 2359 2359 2359 2359
  2359 2359 2359 2359 2359 2359 2359 2359 2359 2359 2359 2359 2359 2379
  2379 2378 2378 2378 2378 2378 2378 2378 2378 2378 2378 2359 2359 2379
  2379 2379 2400 2359 2359 2359 2359 2359 2359 2359 2359 2359 2359 2359
  2359 2359 2359 2359 2359 2359 2359 2359 2359 2359 2359 2359 2359 2359
  2359 2359 2359 2359 2359 2359 2359 2359 2359]
 [2359 2359 2359 2359 2359 2359 2359 2359 2359 2359 2359 2359 2359 2359
  2359 2359 2359 2359 2359 2359 2359 2359 2359 2359 2359 2359 2359 2359
  2359 2359 2379 2378 2378 2378 2378 2378 2378 2378 2378 2379 2359 2379
  2379 2379 2400 2359 2359 2359 2359 2359 2359 2359 2359 2359 2359 2359
  2359 2359 2359 2359 2359 2359 2359 2359 2359 2359 2359 2359 2359 2359
  2359 2359 2359 2359 2359 2359 2359 2359 2359]
 [2359 2359 2359 2359 2359 2359 2359 2359 2359 2359 2359 2359 2359 2359
  2359 2359 2359 2359 2359 2359 2359 2359 2359 2359 2359 2359 2359 2359
  2359 2359 2359 2359 2359 2378 2378 2378   13 2378 2378 2378 2353 2379
  2379 2378 2400 2359 2359 2359 2359 2359 2359 2359 2359 2359 2359 2359
  2359 2359 2359 2359 2359 2359 2359 2359 2359 2359 2359 2359 2359 2359
  2359 2359 2359 2359 2359 2359 2359 2359 2359]
 [2359 2359 2359 2359 2359 2359 2359 2359 2359 2359 2359 2359 2359 2359
  2359 2359 2359 2359 2359 2359 2359 2359 2359 2359 2359 2359 2359 2359
  2359 2359 2359   87 2378 2359 2353 2378 2378 2378 2378 2378 2379 2379
  2379 2378 2400 2359 2359 2359 2359 2359 2359 2359 2359 2359 2359 2359
  2359 2359 2359 2359 2359 2359 2359 2359 2359 2359 2359 2359 2359 2359
  2359 2359 2359 2359 2359 2359 2359 2359 2359]
 [2359 2359 2359 2359 2359 2359 2359 2359 2359 2359 2359 2359 2359 2359
  2359 2359 2359 2359 2359 2359 2359 2359 2359 2359 2359 2359 2359 2359
  2359 2353 2378 2378   87 2378 2378 2378 2378 2378 2378 2378 2378 2379
  2378 2378 2400 2359 2359 2359 2359 2359 2359 2359 2359 2359 2359 2359
  2359 2359 2359 2359 2359 2359 2359 2359 2359 2359 2359 2359 2359 2359
  2359 2359 2359 2359 2359 2359 2359 2359 2359]
 [2359 2359 2359 2359 2359 2359 2359 2359 2359 2359 2359 2359 2359 2359
  2359 2359 2359 2359 2359 2359 2359 2359 2359 2359 2359 2359 2378 2378
  2378 2378 2378 2378 2378   13 2378 2378 2378 2378 2378 2378 2378 2353
  2378 2378 2400 2359 2359 2359 2359 2359 2359 2359 2359 2359 2359 2359
  2359 2359 2359 2359 2359 2359 2359 2359 2359 2359 2359 2359 2359 2359
  2359 2359 2359 2359 2359 2359 2359 2359 2359]
 [2359 2359 2359 2359 2359 2359 2359 2359 2359 2359 2359 2359 2359 2359
  2359 2359 2359 2359 2359 2359 2359 2359 2359 2359 2359 2359 2378 2378
  2378 2378 2378 2378 2378 2378 2378 2378  235 2378 2378 2378 2378  337
  2378 2378 2400 2359 2359 2359 2359 2359 2359 2359 2359 2359 2359 2359
  2359 2359 2359 2359 2359 2359 2359 2359 2359 2359 2359 2359 2359 2359
  2359 2359 2359 2359 2359 2359 2359 2359 2359]
 [2359 2359 2359 2359 2359 2359 2359 2359 2359 2359 2359 2359 2359 2359
  2359 2359 2359 2359 2359 2359 2359 2359 2359 2359 2359 2359 2359 2359
  2359 2359 2359 2359 2359 2359 2359 2359 2359 2359 2359 2359 2359 2359
  2359 2359 2359 2359 2359 2359 2359 2359 2359 2359 2359 2359 2359 2359
  2359 2359 2359 2359 2359 2359 2359 2359 2359 2359 2359 2359 2359 2359
  2359 2359 2359 2359 2359 2359 2359 2359 2359]
 [2359 2359 2359 2359 2359 2359 2359 2359 2359 2359 2359 2359 2359 2359
  2359 2359 2359 2359 2359 2359 2359 2359 2359 2359 2359 2359 2359 2359
  2359 2359 2359 2359 2359 2359 2359 2359 2359 2359 2359 2359 2359 2359
  2359 2359 2359 2359 2359 2359 2359 2359 2359 2359 2359 2359 2359 2359
  2359 2359 2359 2359 2359 2359 2359 2359 2359 2359 2359 2359 2359 2359
  2359 2359 2359 2359 2359 2359 2359 2359 2359]
 [2359 2359 2359 2359 2359 2359 2359 2359 2359 2359 2359 2359 2359 2359
  2359 2359 2359 2359 2359 2359 2359 2359 2359 2359 2359 2359 2359 2359
  2359 2359 2359 2359 2359 2359 2359 2359 2359 2359 2359 2359 2359 2359
  2359 2359 2359 2359 2359 2359 2359 2359 2359 2359 2359 2359 2359 2359
  2359 2359 2359 2359 2359 2359 2359 2359 2359 2359 2359 2359 2359 2359
  2359 2359 2359 2359 2359 2359 2359 2359 2359]
 [2359 2359 2359 2359 2359 2359 2359 2359 2359 2359 2359 2359 2359 2359
  2359 2359 2359 2359 2359 2359 2359 2359 2359 2359 2359 2359 2359 2359
  2359 2359 2359 2359 2359 2359 2359 2359 2359 2359 2359 2359 2359 2359
  2359 2359 2359 2359 2359 2359 2359 2359 2359 2359 2359 2359 2359 2359
  2359 2359 2359 2359 2359 2359 2359 2359 2359 2359 2359 2359 2359 2359
  2359 2359 2359 2359 2359 2359 2359 2359 2359]
 [2359 2359 2359 2359 2359 2359 2359 2359 2359 2359 2359 2359 2359 2359
  2359 2359 2359 2359 2359 2359 2359 2359 2359 2359 2359 2359 2359 2359
  2359 2359 2359 2359 2359 2359 2359 2359 2359 2359 2359 2359 2359 2359
  2359 2359 2359 2359 2359 2359 2359 2359 2359 2359 2359 2359 2359 2359
  2359 2359 2359 2359 2359 2359 2359 2359 2359 2359 2359 2359 2359 2359
  2359 2359 2359 2359 2359 2359 2359 2359 2359]
 [2359 2359 2359 2359 2359 2359 2359 2359 2359 2359 2359 2359 2359 2359
  2359 2359 2359 2359 2359 2359 2359 2359 2359 2359 2359 2359 2359 2359
  2359 2359 2359 2359 2359 2359 2359 2359 2359 2359 2359 2359 2359 2359
  2359 2359 2359 2359 2359 2359 2359 2359 2359 2359 2359 2359 2359 2359
  2359 2359 2359 2359 2359 2359 2359 2359 2359 2359 2359 2359 2359 2359
  2359 2359 2359 2359 2359 2359 2359 2359 2359]
 [2359 2359 2359 2359 2359 2359 2359 2359 2359 2359 2359 2359 2359 2359
  2359 2359 2359 2359 2359 2359 2359 2359 2359 2359 2359 2359 2359 2359
  2359 2359 2359 2359 2359 2359 2359 2359 2359 2359 2359 2359 2359 2359
  2359 2359 2359 2359 2359 2359 2359 2359 2359 2359 2359 2359 2359 2359
  2359 2359 2359 2359 2359 2359 2359 2359 2359 2359 2359 2359 2359 2359
  2359 2359 2359 2359 2359 2359 2359 2359 2359]]

[[2359 2359 2359 2359 2359 2359 2359 2359 2359 2359 2359 2359 2359 2359
  2359 2359 2359 2359 2359 2359 2359 2359 2359 2359 2359 2359 2359 2359
  2359 2359 2359 2359 2359 2359 2359 2359 2359 2359 2359 2359 2359 2359
  2359 2359 2359 2359 2359 2359 2359 2359 2359 2359 2359 2359 2359 2359
  2359 2359 2359 2359 2359 2359 2359 2359 2359 2359 2359 2359 2359 2359
  2359 2359 2359 2359 2359 2359 2359 2359 2359]
 [2359 2359 2359 2359 2359 2359 2359 2359 2359 2359 2359 2359 2359 2359
  2359 2359 2359 2359 2359 2359 2359 2359 2359 2359 2359 2359 2359 2359
  2359 2359 2359 2359 2359 2359 2359 2359 2359 2359 2359 2359 2359 2359
  2359 2359 2359 2359 2359 2359 2359 2359 2359 2359 2359 2359 2359 2359
  2359 2359 2359 2359 2359 2359 2359 2359 2359 2359 2359 2359 2359 2359
  2359 2359 2359 2359 2359 2359 2359 2359 2359]
 [2359 2359 2359 2359 2359 2359 2359 2359 2359 2359 2359 2359 2359 2359
  2359 2359 2359 2359 2359 2359 2359 2359 2359 2359 2359 2359 2359 2359
  2359 2359 2359 2359 2359 2359 2359 2359 2359 2359 2359 2359 2359 2359
  2359 2359 2359 2359 2359 2359 2359 2359 2359 2359 2359 2359 2359 2359
  2359 2359 2359 2359 2359 2359 2359 2359 2359 2359 2359 2359 2359 2359
  2359 2359 2359 2359 2359 2359 2359 2359 2359]
 [2359 2359 2359 2359 2359 2359 2359 2359 2359 2359 2359 2359 2359 2359
  2359 2359 2359 2359 2359 2359 2359 2359 2359 2359 2359 2359 2359 2359
  2359 2359 2359 2359 2359 2359 2359 2359 2359 2359 2359 2359 2359 2359
  2359 2359 2359 2359 2359 2359 2359 2359 2359 2359 2359 2359 2359 2359
  2359 2359 2359 2359 2359 2359 2359 2359 2359 2359 2359 2359 2359 2359
  2359 2359 2359 2359 2359 2359 2359 2359 2359]
 [2359 2359 2359 2359 2359 2359 2359 2359 2359 2359 2359 2359 2359 2359
  2359 2359 2359 2359 2359 2359 2359 2359 2359 2359 2359 2359 2359 2359
  2359 2359 2359 2359 2359 2359 2359 2359 2359 2359 2359 2359 2359 2359
  2359 2359 2359 2359 2359 2359 2359 2359 2359 2359 2359 2359 2359 2359
  2359 2359 2359 2359 2359 2359 2359 2359 2359 2359 2359 2359 2359 2359
  2359 2359 2359 2359 2359 2359 2359 2359 2359]
 [2359 2359 2359 2359 2359 2359 2359 2359 2359 2359 2359 2359 2359 2359
  2359 2359 2359 2359 2359 2359 2359 2359 2359 2359 2359 2359 2359 2359
  2359 2359 2359 2359 2359 2359 2359 2359 2359 2359 2359 2359 2359 2359
  2359 2359 2359 2359 2359 2359 2359 2359 2359 2359 2359 2359 2359 2359
  2359 2359 2359 2359 2359 2359 2359 2359 2359 2359 2359 2359 2359 2359
  2359 2359 2359 2359 2359 2359 2359 2359 2359]
 [2359 2359 2359 2359 2359 2359 2359 2359 2359 2359 2359 2359 2359 2359
  2359 2359 2359 2359 2359 2359 2359 2359 2359 2359 2359 2359 2359 2359
  2359 2359 2359 2359 2359 2359 2359 2359 2359 2359 2359 2359 2359 2359
  2359 2359 2359 2359 2359 2359 2359 2359 2359 2359 2359 2359 2359 2359
  2359 2359 2359 2359 2359 2359 2359 2359 2359 2359 2359 2359 2359 2359
  2359 2359 2359 2359 2359 2359 2359 2359 2359]
 [2359 2359 2359 2359 2359 2359 2359 2359 2359 2359 2359 2359 2359 2359
  2359 2359 2359 2359 2359 2359 2359 2359 2359 2359 2359 2359 2359 2379
  2379 2378 2378 2378 2378 2378 2378 2378 2378 2378 2378 2359 2359 2379
  2379 2379 2400 2359 2359 2359 2359 2359 2359 2359 2359 2359 2359 2359
  2359 2359 2359 2359 2359 2359 2359 2359 2359 2359 2359 2359 2359 2359
  2359 2359 2359 2359 2359 2359 2359 2359 2359]
 [2359 2359 2359 2359 2359 2359 2359 2359 2359 2359 2359 2359 2359 2359
  2359 2359 2359 2359 2359 2359 2359 2359 2359 2359 2359 2359 2359 2359
  2359 2359 2379 2378 2378 2378 2378 2378 2378 2378 2378 2379 2359 2379
  2379 2379 2400 2359 2359 2359 2359 2359 2359 2359 2359 2359 2359 2359
  2359 2359 2359 2359 2359 2359 2359 2359 2359 2359 2359 2359 2359 2359
  2359 2359 2359 2359 2359 2359 2359 2359 2359]
 [2359 2359 2359 2359 2359 2359 2359 2359 2359 2359 2359 2359 2359 2359
  2359 2359 2359 2359 2359 2359 2359 2359 2359 2359 2359 2359 2359 2359
  2359 2359 2359 2359 2359 2378 2378 2378   13 2378 2378 2378 2353 2379
  2379 2378 2400 2359 2359 2359 2359 2359 2359 2359 2359 2359 2359 2359
  2359 2359 2359 2359 2359 2359 2359 2359 2359 2359 2359 2359 2359 2359
  2359 2359 2359 2359 2359 2359 2359 2359 2359]
 [2359 2359 2359 2359 2359 2359 2359 2359 2359 2359 2359 2359 2359 2359
  2359 2359 2359 2359 2359 2359 2359 2359 2359 2359 2359 2359 2359 2359
  2359 2359 2359   87 2378 2359 2353 2378 2378 2378 2378 2378 2379 2379
  2379 2378 2400 2359 2359 2359 2359 2359 2359 2359 2359 2359 2359 2359
  2359 2359 2359 2359 2359 2359 2359 2359 2359 2359 2359 2359 2359 2359
  2359 2359 2359 2359 2359 2359 2359 2359 2359]
 [2359 2359 2359 2359 2359 2359 2359 2359 2359 2359 2359 2359 2359 2359
  2359 2359 2359 2359 2359 2359 2359 2359 2359 2359 2359 2359 2359 2359
  2359 2353 2378 2378   87 2378 2378 2378 2378 2378 2378 2378 2378 2379
  2378 2378 2400 2359 2359 2359 2359 2359 2359 2359 2359 2359 2359 2359
  2359 2359 2359 2359 2359 2359 2359 2359 2359 2359 2359 2359 2359 2359
  2359 2359 2359 2359 2359 2359 2359 2359 2359]
 [2359 2359 2359 2359 2359 2359 2359 2359 2359 2359 2359 2359 2359 2359
  2359 2359 2359 2359 2359 2359 2359 2359 2359 2359 2359 2359 2378 2378
  2378 2378 2378 2378 2378   13 2378 2378 2378 2378 2378 2378 2378 2353
  2378 2378 2400 2359 2359 2359 2359 2359 2359 2359 2359 2359 2359 2359
  2359 2359 2359 2359 2359 2359 2359 2359 2359 2359 2359 2359 2359 2359
  2359 2359 2359 2359 2359 2359 2359 2359 2359]
 [2359 2359 2359 2359 2359 2359 2359 2359 2359 2359 2359 2359 2359 2359
  2359 2359 2359 2359 2359 2359 2359 2359 2359 2359 2359 2359 2378 2378
  2378 2378 2378 2378 2378 2378 2378 2378  235 2378 2378 2378 2378  337
  2378 2378 2400 2359 2359 2359 2359 2359 2359 2359 2359 2359 2359 2359
  2359 2359 2359 2359 2359 2359 2359 2359 2359 2359 2359 2359 2359 2359
  2359 2359 2359 2359 2359 2359 2359 2359 2359]
 [2359 2359 2359 2359 2359 2359 2359 2359 2359 2359 2359 2359 2359 2359
  2359 2359 2359 2359 2359 2359 2359 2359 2359 2359 2359 2359 2359 2359
  2359 2359 2359 2359 2359 2359 2359 2359 2359 2359 2359 2359 2359 2359
  2359 2359 2359 2359 2359 2359 2359 2359 2359 2359 2359 2359 2359 2359
  2359 2359 2359 2359 2359 2359 2359 2359 2359 2359 2359 2359 2359 2359
  2359 2359 2359 2359 2359 2359 2359 2359 2359]
 [2359 2359 2359 2359 2359 2359 2359 2359 2359 2359 2359 2359 2359 2359
  2359 2359 2359 2359 2359 2359 2359 2359 2359 2359 2359 2359 2359 2359
  2359 2359 2359 2359 2359 2359 2359 2359 2359 2359 2359 2359 2359 2359
  2359 2359 2359 2359 2359 2359 2359 2359 2359 2359 2359 2359 2359 2359
  2359 2359 2359 2359 2359 2359 2359 2359 2359 2359 2359 2359 2359 2359
  2359 2359 2359 2359 2359 2359 2359 2359 2359]
 [2359 2359 2359 2359 2359 2359 2359 2359 2359 2359 2359 2359 2359 2359
  2359 2359 2359 2359 2359 2359 2359 2359 2359 2359 2359 2359 2359 2359
  2359 2359 2359 2359 2359 2359 2359 2359 2359 2359 2359 2359 2359 2359
  2359 2359 2359 2359 2359 2359 2359 2359 2359 2359 2359 2359 2359 2359
  2359 2359 2359 2359 2359 2359 2359 2359 2359 2359 2359 2359 2359 2359
  2359 2359 2359 2359 2359 2359 2359 2359 2359]
 [2359 2359 2359 2359 2359 2359 2359 2359 2359 2359 2359 2359 2359 2359
  2359 2359 2359 2359 2359 2359 2359 2359 2359 2359 2359 2359 2359 2359
  2359 2359 2359 2359 2359 2359 2359 2359 2359 2359 2359 2359 2359 2359
  2359 2359 2359 2359 2359 2359 2359 2359 2359 2359 2359 2359 2359 2359
  2359 2359 2359 2359 2359 2359 2359 2359 2359 2359 2359 2359 2359 2359
  2359 2359 2359 2359 2359 2359 2359 2359 2359]
 [2359 2359 2359 2359 2359 2359 2359 2359 2359 2359 2359 2359 2359 2359
  2359 2359 2359 2359 2359 2359 2359 2359 2359 2359 2359 2359 2359 2359
  2359 2359 2359 2359 2359 2359 2359 2359 2359 2359 2359 2359 2359 2359
  2359 2359 2359 2359 2359 2359 2359 2359 2359 2359 2359 2359 2359 2359
  2359 2359 2359 2359 2359 2359 2359 2359 2359 2359 2359 2359 2359 2359
  2359 2359 2359 2359 2359 2359 2359 2359 2359]
 [2359 2359 2359 2359 2359 2359 2359 2359 2359 2359 2359 2359 2359 2359
  2359 2359 2359 2359 2359 2359 2359 2359 2359 2359 2359 2359 2359 2359
  2359 2359 2359 2359 2359 2359 2359 2359 2359 2359 2359 2359 2359 2359
  2359 2359 2359 2359 2359 2359 2359 2359 2359 2359 2359 2359 2359 2359
  2359 2359 2359 2359 2359 2359 2359 2359 2359 2359 2359 2359 2359 2359
  2359 2359 2359 2359 2359 2359 2359 2359 2359]
 [2359 2359 2359 2359 2359 2359 2359 2359 2359 2359 2359 2359 2359 2359
  2359 2359 2359 2359 2359 2359 2359 2359 2359 2359 2359 2359 2359 2359
  2359 2359 2359 2359 2359 2359 2359 2359 2359 2359 2359 2359 2359 2359
  2359 2359 2359 2359 2359 2359 2359 2359 2359 2359 2359 2359 2359 2359
  2359 2359 2359 2359 2359 2359 2359 2359 2359 2359 2359 2359 2359 2359
  2359 2359 2359 2359 2359 2359 2359 2359 2359]]

[[2359 2359 2359 2359 2359 2359 2359 2359 2359 2359 2359 2359 2359 2359
  2359 2359 2359 2359 2359 2359 2359 2359 2359 2359 2359 2359 2359 2359
  2359 2359 2359 2359 2359 2359 2359 2359 2359 2359 2359 2359 2359 2359
  2359 2359 2359 2359 2359 2359 2359 2359 2359 2359 2359 2359 2359 2359
  2359 2359 2359 2359 2359 2359 2359 2359 2359 2359 2359 2359 2359 2359
  2359 2359 2359 2359 2359 2359 2359 2359 2359]
 [2359 2359 2359 2359 2359 2359 2359 2359 2359 2359 2359 2359 2359 2359
  2359 2359 2359 2359 2359 2359 2359 2359 2359 2359 2359 2359 2359 2359
  2359 2359 2359 2359 2359 2359 2359 2359 2359 2359 2359 2359 2359 2359
  2359 2359 2359 2359 2359 2359 2359 2359 2359 2359 2359 2359 2359 2359
  2359 2359 2359 2359 2359 2359 2359 2359 2359 2359 2359 2359 2359 2359
  2359 2359 2359 2359 2359 2359 2359 2359 2359]
 [2359 2359 2359 2359 2359 2359 2359 2359 2359 2359 2359 2359 2359 2359
  2359 2359 2359 2359 2359 2359 2359 2359 2359 2359 2359 2359 2359 2359
  2359 2359 2359 2359 2359 2359 2359 2359 2359 2359 2359 2359 2359 2359
  2359 2359 2359 2359 2359 2359 2359 2359 2359 2359 2359 2359 2359 2359
  2359 2359 2359 2359 2359 2359 2359 2359 2359 2359 2359 2359 2359 2359
  2359 2359 2359 2359 2359 2359 2359 2359 2359]
 [2359 2359 2359 2359 2359 2359 2359 2359 2359 2359 2359 2359 2359 2359
  2359 2359 2359 2359 2359 2359 2359 2359 2359 2359 2359 2359 2359 2359
  2359 2359 2359 2359 2359 2359 2359 2359 2359 2359 2359 2359 2359 2359
  2359 2359 2359 2359 2359 2359 2359 2359 2359 2359 2359 2359 2359 2359
  2359 2359 2359 2359 2359 2359 2359 2359 2359 2359 2359 2359 2359 2359
  2359 2359 2359 2359 2359 2359 2359 2359 2359]
 [2359 2359 2359 2359 2359 2359 2359 2359 2359 2359 2359 2359 2359 2359
  2359 2359 2359 2359 2359 2359 2359 2359 2359 2359 2359 2359 2359 2359
  2359 2359 2359 2359 2359 2359 2359 2359 2359 2359 2359 2359 2359 2359
  2359 2359 2359 2359 2359 2359 2359 2359 2359 2359 2359 2359 2359 2359
  2359 2359 2359 2359 2359 2359 2359 2359 2359 2359 2359 2359 2359 2359
  2359 2359 2359 2359 2359 2359 2359 2359 2359]
 [2359 2359 2359 2359 2359 2359 2359 2359 2359 2359 2359 2359 2359 2359
  2359 2359 2359 2359 2359 2359 2359 2359 2359 2359 2359 2359 2359 2359
  2359 2359 2359 2359 2359 2359 2359 2359 2359 2359 2359 2359 2359 2359
  2359 2359 2359 2359 2359 2359 2359 2359 2359 2359 2359 2359 2359 2359
  2359 2359 2359 2359 2359 2359 2359 2359 2359 2359 2359 2359 2359 2359
  2359 2359 2359 2359 2359 2359 2359 2359 2359]
 [2359 2359 2359 2359 2359 2359 2359 2359 2359 2359 2359 2359 2359 2359
  2359 2359 2359 2359 2359 2359 2359 2359 2359 2359 2359 2359 2359 2359
  2359 2359 2359 2359 2359 2359 2359 2359 2359 2359 2359 2359 2359 2359
  2359 2359 2359 2359 2359 2359 2359 2359 2359 2359 2359 2359 2359 2359
  2359 2359 2359 2359 2359 2359 2359 2359 2359 2359 2359 2359 2359 2359
  2359 2359 2359 2359 2359 2359 2359 2359 2359]
 [2359 2359 2359 2359 2359 2359 2359 2359 2359 2359 2359 2359 2359 2359
  2359 2359 2359 2359 2359 2359 2359 2359 2359 2359 2359 2359 2359 2379
  2378 2378 2378 2378 2378 2378 2378 2378 2378 2378 2378 2378 2359 2378
  2378 2378 2400 2359 2359 2359 2359 2359 2359 2359 2359 2359 2359 2359
  2359 2359 2359 2359 2359 2359 2359 2359 2359 2359 2359 2359 2359 2359
  2359 2359 2359 2359 2359 2359 2359 2359 2359]
 [2359 2359 2359 2359 2359 2359 2359 2359 2359 2359 2359 2359 2359 2359
  2359 2359 2359 2359 2359 2359 2359 2359 2359 2359 2359 2359 2359 2359
  2359 2359 2379 2378 2378 2378 2378 2378 2378 2378 2378 2378 2359 2378
  2378 2378 2400 2359 2359 2359 2359 2359 2359 2359 2359 2359 2359 2359
  2359 2359 2359 2359 2359 2359 2359 2359 2359 2359 2359 2359 2359 2359
  2359 2359 2359 2359 2359 2359 2359 2359 2359]
 [2359 2359 2359 2359 2359 2359 2359 2359 2359 2359 2359 2359 2359 2359
  2359 2359 2359 2359 2359 2359 2359 2359 2359 2359 2359 2359 2359 2359
  2359 2359 2359 2359 2359 2378 2378 2378 2378 2378 2378 2378 2353 2378
  2378 2378 2400 2359 2359 2359 2359 2359 2359 2359 2359 2359 2359 2359
  2359 2359 2359 2359 2359 2359 2359 2359 2359 2359 2359 2359 2359 2359
  2359 2359 2359 2359 2359 2359 2359 2359 2359]
 [2359 2359 2359 2359 2359 2359 2359 2359 2359 2359 2359 2359 2359 2359
  2359 2359 2359 2359 2359 2359 2359 2359 2359 2359 2359 2359 2359 2359
  2359 2359 2359 2353 2379 2359 2353 2378 2378   13 2378 2378 2378 2378
  2378 2378 2400 2359 2359 2359 2359 2359 2359 2359 2359 2359 2359 2359
  2359 2359 2359 2359 2359 2359 2359 2359 2359 2359 2359 2359 2359 2359
  2359 2359 2359 2359 2359 2359 2359 2359 2359]
 [2359 2359 2359 2359 2359 2359 2359 2359 2359 2359 2359 2359 2359 2359
  2359 2359 2359 2359 2359 2359 2359 2359 2359 2359 2359 2359 2359 2359
  2359 2353 2378 2378   87   87 2378 2378 2378 2378 2378 2378 2378 2378
  2378 2379 2400 2359 2359 2359 2359 2359 2359 2359 2359 2359 2359 2359
  2359 2359 2359 2359 2359 2359 2359 2359 2359 2359 2359 2359 2359 2359
  2359 2359 2359 2359 2359 2359 2359 2359 2359]
 [2359 2359 2359 2359 2359 2359 2359 2359 2359 2359 2359 2359 2359 2359
  2359 2359 2359 2359 2359 2359 2359 2359 2359 2359 2359 2359 2378 2378
  2378 2378 2378 2378 2378 2378   13 2378 2378  235 2378 2378  337 2353
  2379 2379 2400 2359 2359 2359 2359 2359 2359 2359 2359 2359 2359 2359
  2359 2359 2359 2359 2359 2359 2359 2359 2359 2359 2359 2359 2359 2359
  2359 2359 2359 2359 2359 2359 2359 2359 2359]
 [2359 2359 2359 2359 2359 2359 2359 2359 2359 2359 2359 2359 2359 2359
  2359 2359 2359 2359 2359 2359 2359 2359 2359 2359 2359 2359 2378 2378
  2378 2378 2378 2378 2378 2378 2378 2378 2378 2378 2378 2378 2378 2378
  2378 2379 2400 2359 2359 2359 2359 2359 2359 2359 2359 2359 2359 2359
  2359 2359 2359 2359 2359 2359 2359 2359 2359 2359 2359 2359 2359 2359
  2359 2359 2359 2359 2359 2359 2359 2359 2359]
 [2359 2359 2359 2359 2359 2359 2359 2359 2359 2359 2359 2359 2359 2359
  2359 2359 2359 2359 2359 2359 2359 2359 2359 2359 2359 2359 2359 2359
  2359 2359 2359 2359 2359 2359 2359 2359 2359 2359 2359 2359 2359 2359
  2359 2359 2359 2359 2359 2359 2359 2359 2359 2359 2359 2359 2359 2359
  2359 2359 2359 2359 2359 2359 2359 2359 2359 2359 2359 2359 2359 2359
  2359 2359 2359 2359 2359 2359 2359 2359 2359]
 [2359 2359 2359 2359 2359 2359 2359 2359 2359 2359 2359 2359 2359 2359
  2359 2359 2359 2359 2359 2359 2359 2359 2359 2359 2359 2359 2359 2359
  2359 2359 2359 2359 2359 2359 2359 2359 2359 2359 2359 2359 2359 2359
  2359 2359 2359 2359 2359 2359 2359 2359 2359 2359 2359 2359 2359 2359
  2359 2359 2359 2359 2359 2359 2359 2359 2359 2359 2359 2359 2359 2359
  2359 2359 2359 2359 2359 2359 2359 2359 2359]
 [2359 2359 2359 2359 2359 2359 2359 2359 2359 2359 2359 2359 2359 2359
  2359 2359 2359 2359 2359 2359 2359 2359 2359 2359 2359 2359 2359 2359
  2359 2359 2359 2359 2359 2359 2359 2359 2359 2359 2359 2359 2359 2359
  2359 2359 2359 2359 2359 2359 2359 2359 2359 2359 2359 2359 2359 2359
  2359 2359 2359 2359 2359 2359 2359 2359 2359 2359 2359 2359 2359 2359
  2359 2359 2359 2359 2359 2359 2359 2359 2359]
 [2359 2359 2359 2359 2359 2359 2359 2359 2359 2359 2359 2359 2359 2359
  2359 2359 2359 2359 2359 2359 2359 2359 2359 2359 2359 2359 2359 2359
  2359 2359 2359 2359 2359 2359 2359 2359 2359 2359 2359 2359 2359 2359
  2359 2359 2359 2359 2359 2359 2359 2359 2359 2359 2359 2359 2359 2359
  2359 2359 2359 2359 2359 2359 2359 2359 2359 2359 2359 2359 2359 2359
  2359 2359 2359 2359 2359 2359 2359 2359 2359]
 [2359 2359 2359 2359 2359 2359 2359 2359 2359 2359 2359 2359 2359 2359
  2359 2359 2359 2359 2359 2359 2359 2359 2359 2359 2359 2359 2359 2359
  2359 2359 2359 2359 2359 2359 2359 2359 2359 2359 2359 2359 2359 2359
  2359 2359 2359 2359 2359 2359 2359 2359 2359 2359 2359 2359 2359 2359
  2359 2359 2359 2359 2359 2359 2359 2359 2359 2359 2359 2359 2359 2359
  2359 2359 2359 2359 2359 2359 2359 2359 2359]
 [2359 2359 2359 2359 2359 2359 2359 2359 2359 2359 2359 2359 2359 2359
  2359 2359 2359 2359 2359 2359 2359 2359 2359 2359 2359 2359 2359 2359
  2359 2359 2359 2359 2359 2359 2359 2359 2359 2359 2359 2359 2359 2359
  2359 2359 2359 2359 2359 2359 2359 2359 2359 2359 2359 2359 2359 2359
  2359 2359 2359 2359 2359 2359 2359 2359 2359 2359 2359 2359 2359 2359
  2359 2359 2359 2359 2359 2359 2359 2359 2359]
 [2359 2359 2359 2359 2359 2359 2359 2359 2359 2359 2359 2359 2359 2359
  2359 2359 2359 2359 2359 2359 2359 2359 2359 2359 2359 2359 2359 2359
  2359 2359 2359 2359 2359 2359 2359 2359 2359 2359 2359 2359 2359 2359
  2359 2359 2359 2359 2359 2359 2359 2359 2359 2359 2359 2359 2359 2359
  2359 2359 2359 2359 2359 2359 2359 2359 2359 2359 2359 2359 2359 2359
  2359 2359 2359 2359 2359 2359 2359 2359 2359]]

[[2359 2359 2359 2359 2359 2359 2359 2359 2359 2359 2359 2359 2359 2359
  2359 2359 2359 2359 2359 2359 2359 2359 2359 2359 2359 2359 2359 2359
  2359 2359 2359 2359 2359 2359 2359 2359 2359 2359 2359 2359 2359 2359
  2359 2359 2359 2359 2359 2359 2359 2359 2359 2359 2359 2359 2359 2359
  2359 2359 2359 2359 2359 2359 2359 2359 2359 2359 2359 2359 2359 2359
  2359 2359 2359 2359 2359 2359 2359 2359 2359]
 [2359 2359 2359 2359 2359 2359 2359 2359 2359 2359 2359 2359 2359 2359
  2359 2359 2359 2359 2359 2359 2359 2359 2359 2359 2359 2359 2359 2359
  2359 2359 2359 2359 2359 2359 2359 2359 2359 2359 2359 2359 2359 2359
  2359 2359 2359 2359 2359 2359 2359 2359 2359 2359 2359 2359 2359 2359
  2359 2359 2359 2359 2359 2359 2359 2359 2359 2359 2359 2359 2359 2359
  2359 2359 2359 2359 2359 2359 2359 2359 2359]
 [2359 2359 2359 2359 2359 2359 2359 2359 2359 2359 2359 2359 2359 2359
  2359 2359 2359 2359 2359 2359 2359 2359 2359 2359 2359 2359 2359 2359
  2359 2359 2359 2359 2359 2359 2359 2359 2359 2359 2359 2359 2359 2359
  2359 2359 2359 2359 2359 2359 2359 2359 2359 2359 2359 2359 2359 2359
  2359 2359 2359 2359 2359 2359 2359 2359 2359 2359 2359 2359 2359 2359
  2359 2359 2359 2359 2359 2359 2359 2359 2359]
 [2359 2359 2359 2359 2359 2359 2359 2359 2359 2359 2359 2359 2359 2359
  2359 2359 2359 2359 2359 2359 2359 2359 2359 2359 2359 2359 2359 2359
  2359 2359 2359 2359 2359 2359 2359 2359 2359 2359 2359 2359 2359 2359
  2359 2359 2359 2359 2359 2359 2359 2359 2359 2359 2359 2359 2359 2359
  2359 2359 2359 2359 2359 2359 2359 2359 2359 2359 2359 2359 2359 2359
  2359 2359 2359 2359 2359 2359 2359 2359 2359]
 [2359 2359 2359 2359 2359 2359 2359 2359 2359 2359 2359 2359 2359 2359
  2359 2359 2359 2359 2359 2359 2359 2359 2359 2359 2359 2359 2359 2359
  2359 2359 2359 2359 2359 2359 2359 2359 2359 2359 2359 2359 2359 2359
  2359 2359 2359 2359 2359 2359 2359 2359 2359 2359 2359 2359 2359 2359
  2359 2359 2359 2359 2359 2359 2359 2359 2359 2359 2359 2359 2359 2359
  2359 2359 2359 2359 2359 2359 2359 2359 2359]
 [2359 2359 2359 2359 2359 2359 2359 2359 2359 2359 2359 2359 2359 2359
  2359 2359 2359 2359 2359 2359 2359 2359 2359 2359 2359 2359 2359 2359
  2359 2359 2359 2359 2359 2359 2359 2359 2359 2359 2359 2359 2359 2359
  2359 2359 2359 2359 2359 2359 2359 2359 2359 2359 2359 2359 2359 2359
  2359 2359 2359 2359 2359 2359 2359 2359 2359 2359 2359 2359 2359 2359
  2359 2359 2359 2359 2359 2359 2359 2359 2359]
 [2359 2359 2359 2359 2359 2359 2359 2359 2359 2359 2359 2359 2359 2359
  2359 2359 2359 2359 2359 2359 2359 2359 2359 2359 2359 2359 2359 2359
  2359 2359 2359 2359 2359 2359 2359 2359 2359 2359 2359 2359 2359 2359
  2359 2359 2359 2359 2359 2359 2359 2359 2359 2359 2359 2359 2359 2359
  2359 2359 2359 2359 2359 2359 2359 2359 2359 2359 2359 2359 2359 2359
  2359 2359 2359 2359 2359 2359 2359 2359 2359]
 [2359 2359 2359 2359 2359 2359 2359 2359 2359 2359 2359 2359 2359 2359
  2359 2359 2359 2359 2359 2359 2359 2359 2359 2359 2359 2359 2359 2379
  2379 2379 2378 2378 2378 2378 2378 2378 2378 2378 2378 2378 2359 2378
  2378 2379 2400 2359 2359 2359 2359 2359 2359 2359 2359 2359 2359 2359
  2359 2359 2359 2359 2359 2359 2359 2359 2359 2359 2359 2359 2359 2359
  2359 2359 2359 2359 2359 2359 2359 2359 2359]
 [2359 2359 2359 2359 2359 2359 2359 2359 2359 2359 2359 2359 2359 2359
  2359 2359 2359 2359 2359 2359 2359 2359 2359 2359 2359 2359 2359 2359
  2359 2359 2379 2379 2378 2378 2378 2378 2378 2378 2378 2378 2359 2378
  2378 2379 2400 2359 2359 2359 2359 2359 2359 2359 2359 2359 2359 2359
  2359 2359 2359 2359 2359 2359 2359 2359 2359 2359 2359 2359 2359 2359
  2359 2359 2359 2359 2359 2359 2359 2359 2359]
 [2359 2359 2359 2359 2359 2359 2359 2359 2359 2359 2359 2359 2359 2359
  2359 2359 2359 2359 2359 2359 2359 2359 2359 2359 2359 2359 2359 2359
  2359 2359 2359 2359 2359 2379 2378 2378 2378 2378 2378 2378 2353 2378
  2379 2379 2400 2359 2359 2359 2359 2359 2359 2359 2359 2359 2359 2359
  2359 2359 2359 2359 2359 2359 2359 2359 2359 2359 2359 2359 2359 2359
  2359 2359 2359 2359 2359 2359 2359 2359 2359]
 [2359 2359 2359 2359 2359 2359 2359 2359 2359 2359 2359 2359 2359 2359
  2359 2359 2359 2359 2359 2359 2359 2359 2359 2359 2359 2359 2359 2378
  2378 2378 2359 2353 2378 2359 2353 2378 2378 2378 2378 2378 2378 2378
  2379 2379 2400 2359 2359 2359 2359 2359 2359 2359 2359 2359 2359 2359
  2359 2359 2359 2359 2359 2359 2359 2359 2359 2359 2359 2359 2359 2359
  2359 2359 2359 2359 2359 2359 2359 2359 2359]
 [2359 2359 2359 2359 2359 2359 2359 2359 2359 2359 2359 2359 2359 2359
  2359 2359 2359 2359 2359 2359 2359 2359 2359 2359 2359 2359 2359 2359
  2359 2353 2378 2378 2378 2378   87 2378 2378 2378   13 2378 2378 2379
  2379 2379 2400 2359 2359 2359 2359 2359 2359 2359 2359 2359 2359 2359
  2359 2359 2359 2359 2359 2359 2359 2359 2359 2359 2359 2359 2359 2359
  2359 2359 2359 2359 2359 2359 2359 2359 2359]
 [2359 2359 2359 2359 2359 2359 2359 2359 2359 2359 2359 2359 2359 2359
  2359 2359 2359 2359 2359 2359 2359 2359 2359 2359 2359 2359 2378 2378
  2378 2378 2378 2378 2378   87 2378 2378 2378  235 2378 2378 2378 2353
  2379 2378 2400 2359 2359 2359 2359 2359 2359 2359 2359 2359 2359 2359
  2359 2359 2359 2359 2359 2359 2359 2359 2359 2359 2359 2359 2359 2359
  2359 2359 2359 2359 2359 2359 2359 2359 2359]
 [2359 2359 2359 2359 2359 2359 2359 2359 2359 2359 2359 2359 2359 2359
  2359 2359 2359 2359 2359 2359 2359 2359 2359 2359 2359 2359 2378 2378
  2378 2378 2378 2378 2378 2378 2378   13 2378 2378 2378 2378  337 2378
  2378 2378 2400 2359 2359 2359 2359 2359 2359 2359 2359 2359 2359 2359
  2359 2359 2359 2359 2359 2359 2359 2359 2359 2359 2359 2359 2359 2359
  2359 2359 2359 2359 2359 2359 2359 2359 2359]
 [2359 2359 2359 2359 2359 2359 2359 2359 2359 2359 2359 2359 2359 2359
  2359 2359 2359 2359 2359 2359 2359 2359 2359 2359 2359 2359 2359 2359
  2359 2359 2359 2359 2359 2359 2359 2359 2359 2359 2359 2359 2359 2359
  2359 2359 2359 2359 2359 2359 2359 2359 2359 2359 2359 2359 2359 2359
  2359 2359 2359 2359 2359 2359 2359 2359 2359 2359 2359 2359 2359 2359
  2359 2359 2359 2359 2359 2359 2359 2359 2359]
 [2359 2359 2359 2359 2359 2359 2359 2359 2359 2359 2359 2359 2359 2359
  2359 2359 2359 2359 2359 2359 2359 2359 2359 2359 2359 2359 2359 2359
  2359 2359 2359 2359 2359 2359 2359 2359 2359 2359 2359 2359 2359 2359
  2359 2359 2359 2359 2359 2359 2359 2359 2359 2359 2359 2359 2359 2359
  2359 2359 2359 2359 2359 2359 2359 2359 2359 2359 2359 2359 2359 2359
  2359 2359 2359 2359 2359 2359 2359 2359 2359]
 [2359 2359 2359 2359 2359 2359 2359 2359 2359 2359 2359 2359 2359 2359
  2359 2359 2359 2359 2359 2359 2359 2359 2359 2359 2359 2359 2359 2359
  2359 2359 2359 2359 2359 2359 2359 2359 2359 2359 2359 2359 2359 2359
  2359 2359 2359 2359 2359 2359 2359 2359 2359 2359 2359 2359 2359 2359
  2359 2359 2359 2359 2359 2359 2359 2359 2359 2359 2359 2359 2359 2359
  2359 2359 2359 2359 2359 2359 2359 2359 2359]
 [2359 2359 2359 2359 2359 2359 2359 2359 2359 2359 2359 2359 2359 2359
  2359 2359 2359 2359 2359 2359 2359 2359 2359 2359 2359 2359 2359 2359
  2359 2359 2359 2359 2359 2359 2359 2359 2359 2359 2359 2359 2359 2359
  2359 2359 2359 2359 2359 2359 2359 2359 2359 2359 2359 2359 2359 2359
  2359 2359 2359 2359 2359 2359 2359 2359 2359 2359 2359 2359 2359 2359
  2359 2359 2359 2359 2359 2359 2359 2359 2359]
 [2359 2359 2359 2359 2359 2359 2359 2359 2359 2359 2359 2359 2359 2359
  2359 2359 2359 2359 2359 2359 2359 2359 2359 2359 2359 2359 2359 2359
  2359 2359 2359 2359 2359 2359 2359 2359 2359 2359 2359 2359 2359 2359
  2359 2359 2359 2359 2359 2359 2359 2359 2359 2359 2359 2359 2359 2359
  2359 2359 2359 2359 2359 2359 2359 2359 2359 2359 2359 2359 2359 2359
  2359 2359 2359 2359 2359 2359 2359 2359 2359]
 [2359 2359 2359 2359 2359 2359 2359 2359 2359 2359 2359 2359 2359 2359
  2359 2359 2359 2359 2359 2359 2359 2359 2359 2359 2359 2359 2359 2359
  2359 2359 2359 2359 2359 2359 2359 2359 2359 2359 2359 2359 2359 2359
  2359 2359 2359 2359 2359 2359 2359 2359 2359 2359 2359 2359 2359 2359
  2359 2359 2359 2359 2359 2359 2359 2359 2359 2359 2359 2359 2359 2359
  2359 2359 2359 2359 2359 2359 2359 2359 2359]
 [2359 2359 2359 2359 2359 2359 2359 2359 2359 2359 2359 2359 2359 2359
  2359 2359 2359 2359 2359 2359 2359 2359 2359 2359 2359 2359 2359 2359
  2359 2359 2359 2359 2359 2359 2359 2359 2359 2359 2359 2359 2359 2359
  2359 2359 2359 2359 2359 2359 2359 2359 2359 2359 2359 2359 2359 2359
  2359 2359 2359 2359 2359 2359 2359 2359 2359 2359 2359 2359 2359 2359
  2359 2359 2359 2359 2359 2359 2359 2359 2359]]

[[2359 2359 2359 2359 2359 2359 2359 2359 2359 2359 2359 2359 2359 2359
  2359 2359 2359 2359 2359 2359 2359 2359 2359 2359 2359 2359 2359 2359
  2359 2359 2359 2359 2359 2359 2359 2359 2359 2359 2359 2359 2359 2359
  2359 2359 2359 2359 2359 2359 2359 2359 2359 2359 2359 2359 2359 2359
  2359 2359 2359 2359 2359 2359 2359 2359 2359 2359 2359 2359 2359 2359
  2359 2359 2359 2359 2359 2359 2359 2359 2359]
 [2359 2359 2359 2359 2359 2359 2359 2359 2359 2359 2359 2359 2359 2359
  2359 2359 2359 2359 2359 2359 2359 2359 2359 2359 2359 2359 2359 2359
  2359 2359 2359 2359 2359 2359 2359 2359 2359 2359 2359 2359 2359 2359
  2359 2359 2359 2359 2359 2359 2359 2359 2359 2359 2359 2359 2359 2359
  2359 2359 2359 2359 2359 2359 2359 2359 2359 2359 2359 2359 2359 2359
  2359 2359 2359 2359 2359 2359 2359 2359 2359]
 [2359 2359 2359 2359 2359 2359 2359 2359 2359 2359 2359 2359 2359 2359
  2359 2359 2359 2359 2359 2359 2359 2359 2359 2359 2359 2359 2359 2359
  2359 2359 2359 2359 2359 2359 2359 2359 2359 2359 2359 2359 2359 2359
  2359 2359 2359 2359 2359 2359 2359 2359 2359 2359 2359 2359 2359 2359
  2359 2359 2359 2359 2359 2359 2359 2359 2359 2359 2359 2359 2359 2359
  2359 2359 2359 2359 2359 2359 2359 2359 2359]
 [2359 2359 2359 2359 2359 2359 2359 2359 2359 2359 2359 2359 2359 2359
  2359 2359 2359 2359 2359 2359 2359 2359 2359 2359 2359 2359 2359 2359
  2359 2359 2359 2359 2359 2359 2359 2359 2359 2359 2359 2359 2359 2359
  2359 2359 2359 2359 2359 2359 2359 2359 2359 2359 2359 2359 2359 2359
  2359 2359 2359 2359 2359 2359 2359 2359 2359 2359 2359 2359 2359 2359
  2359 2359 2359 2359 2359 2359 2359 2359 2359]
 [2359 2359 2359 2359 2359 2359 2359 2359 2359 2359 2359 2359 2359 2359
  2359 2359 2359 2359 2359 2359 2359 2359 2359 2359 2359 2359 2359 2359
  2359 2359 2359 2359 2359 2359 2359 2359 2359 2359 2359 2359 2359 2359
  2359 2359 2359 2359 2359 2359 2359 2359 2359 2359 2359 2359 2359 2359
  2359 2359 2359 2359 2359 2359 2359 2359 2359 2359 2359 2359 2359 2359
  2359 2359 2359 2359 2359 2359 2359 2359 2359]
 [2359 2359 2359 2359 2359 2359 2359 2359 2359 2359 2359 2359 2359 2359
  2359 2359 2359 2359 2359 2359 2359 2359 2359 2359 2359 2359 2359 2359
  2359 2359 2359 2359 2359 2359 2359 2359 2359 2359 2359 2359 2359 2359
  2359 2359 2359 2359 2359 2359 2359 2359 2359 2359 2359 2359 2359 2359
  2359 2359 2359 2359 2359 2359 2359 2359 2359 2359 2359 2359 2359 2359
  2359 2359 2359 2359 2359 2359 2359 2359 2359]
 [2359 2359 2359 2359 2359 2359 2359 2359 2359 2359 2359 2359 2359 2359
  2359 2359 2359 2359 2359 2359 2359 2359 2359 2359 2359 2359 2359 2359
  2359 2359 2359 2359 2359 2359 2359 2359 2359 2359 2359 2359 2359 2359
  2359 2359 2359 2359 2359 2359 2359 2359 2359 2359 2359 2359 2359 2359
  2359 2359 2359 2359 2359 2359 2359 2359 2359 2359 2359 2359 2359 2359
  2359 2359 2359 2359 2359 2359 2359 2359 2359]
 [2359 2359 2359 2359 2359 2359 2359 2359 2359 2359 2359 2359 2359 2359
  2359 2359 2359 2359 2359 2359 2359 2359 2359 2359 2359 2359 2359 2378
  2378 2378 2378 2378 2378 2378 2378 2378 2378 2378 2378 2379 2359 2378
  2378 2378 2400 2359 2359 2359 2359 2359 2359 2359 2359 2359 2359 2359
  2359 2359 2359 2359 2359 2359 2359 2359 2359 2359 2359 2359 2359 2359
  2359 2359 2359 2359 2359 2359 2359 2359 2359]
 [2359 2359 2359 2359 2359 2359 2359 2359 2359 2359 2359 2359 2359 2359
  2359 2359 2359 2359 2359 2359 2359 2359 2359 2359 2359 2359 2359 2359
  2359 2359 2378 2378 2378 2378 2378 2378 2378 2378 2378 2378 2359 2378
  2378 2379 2400 2359 2359 2359 2359 2359 2359 2359 2359 2359 2359 2359
  2359 2359 2359 2359 2359 2359 2359 2359 2359 2359 2359 2359 2359 2359
  2359 2359 2359 2359 2359 2359 2359 2359 2359]
 [2359 2359 2359 2359 2359 2359 2359 2359 2359 2359 2359 2359 2359 2359
  2359 2359 2359 2359 2359 2359 2359 2359 2359 2359 2359 2359 2359 2359
  2359 2359 2359 2359 2359 2378 2378 2378 2378 2378 2378 2378 2353 2378
  2378 2379 2400 2359 2359 2359 2359 2359 2359 2359 2359 2359 2359 2359
  2359 2359 2359 2359 2359 2359 2359 2359 2359 2359 2359 2359 2359 2359
  2359 2359 2359 2359 2359 2359 2359 2359 2359]
 [2359 2359 2359 2359 2359 2359 2359 2359 2359 2359 2359 2359 2359 2359
  2359 2359 2359 2359 2359 2359 2359 2359 2359 2359 2359 2359 2359 2379
  2379 2379 2359 2353 2379 2359 2353 2378 2378 2378 2378 2378 2378 2378
  2379 2379 2400 2359 2359 2359 2359 2359 2359 2359 2359 2359 2359 2359
  2359 2359 2359 2359 2359 2359 2359 2359 2359 2359 2359 2359 2359 2359
  2359 2359 2359 2359 2359 2359 2359 2359 2359]
 [2359 2359 2359 2359 2359 2359 2359 2359 2359 2359 2359 2359 2359 2359
  2359 2359 2359 2359 2359 2359 2359 2359 2359 2359 2359 2359 2359 2359
  2359 2353 2378 2378 2378 2378 2378 2378 2378 2378 2378 2378 2378 2378
  2353 2379 2400 2359 2359 2359 2359 2359 2359 2359 2359 2359 2359 2359
  2359 2359 2359 2359 2359 2359 2359 2359 2359 2359 2359 2359 2359 2359
  2359 2359 2359 2359 2359 2359 2359 2359 2359]
 [2359 2359 2359 2359 2359 2359 2359 2359 2359 2359 2359 2359 2359 2359
  2359 2359 2359 2359 2359 2359 2359 2359 2359 2359 2359 2359 2378 2378
  2378 2378 2378 2378 2378 2378   87   87   13  235 2378   13 2378  337
  2378 2378 2400 2359 2359 2359 2359 2359 2359 2359 2359 2359 2359 2359
  2359 2359 2359 2359 2359 2359 2359 2359 2359 2359 2359 2359 2359 2359
  2359 2359 2359 2359 2359 2359 2359 2359 2359]
 [2359 2359 2359 2359 2359 2359 2359 2359 2359 2359 2359 2359 2359 2359
  2359 2359 2359 2359 2359 2359 2359 2359 2359 2359 2359 2359 2378 2378
  2378 2378 2378 2378 2378 2378 2378 2378 2378 2378 2378 2378 2378 2378
  2378 2378 2400 2359 2359 2359 2359 2359 2359 2359 2359 2359 2359 2359
  2359 2359 2359 2359 2359 2359 2359 2359 2359 2359 2359 2359 2359 2359
  2359 2359 2359 2359 2359 2359 2359 2359 2359]
 [2359 2359 2359 2359 2359 2359 2359 2359 2359 2359 2359 2359 2359 2359
  2359 2359 2359 2359 2359 2359 2359 2359 2359 2359 2359 2359 2359 2359
  2359 2359 2359 2359 2359 2359 2359 2359 2359 2359 2359 2359 2359 2359
  2359 2359 2359 2359 2359 2359 2359 2359 2359 2359 2359 2359 2359 2359
  2359 2359 2359 2359 2359 2359 2359 2359 2359 2359 2359 2359 2359 2359
  2359 2359 2359 2359 2359 2359 2359 2359 2359]
 [2359 2359 2359 2359 2359 2359 2359 2359 2359 2359 2359 2359 2359 2359
  2359 2359 2359 2359 2359 2359 2359 2359 2359 2359 2359 2359 2359 2359
  2359 2359 2359 2359 2359 2359 2359 2359 2359 2359 2359 2359 2359 2359
  2359 2359 2359 2359 2359 2359 2359 2359 2359 2359 2359 2359 2359 2359
  2359 2359 2359 2359 2359 2359 2359 2359 2359 2359 2359 2359 2359 2359
  2359 2359 2359 2359 2359 2359 2359 2359 2359]
 [2359 2359 2359 2359 2359 2359 2359 2359 2359 2359 2359 2359 2359 2359
  2359 2359 2359 2359 2359 2359 2359 2359 2359 2359 2359 2359 2359 2359
  2359 2359 2359 2359 2359 2359 2359 2359 2359 2359 2359 2359 2359 2359
  2359 2359 2359 2359 2359 2359 2359 2359 2359 2359 2359 2359 2359 2359
  2359 2359 2359 2359 2359 2359 2359 2359 2359 2359 2359 2359 2359 2359
  2359 2359 2359 2359 2359 2359 2359 2359 2359]
 [2359 2359 2359 2359 2359 2359 2359 2359 2359 2359 2359 2359 2359 2359
  2359 2359 2359 2359 2359 2359 2359 2359 2359 2359 2359 2359 2359 2359
  2359 2359 2359 2359 2359 2359 2359 2359 2359 2359 2359 2359 2359 2359
  2359 2359 2359 2359 2359 2359 2359 2359 2359 2359 2359 2359 2359 2359
  2359 2359 2359 2359 2359 2359 2359 2359 2359 2359 2359 2359 2359 2359
  2359 2359 2359 2359 2359 2359 2359 2359 2359]
 [2359 2359 2359 2359 2359 2359 2359 2359 2359 2359 2359 2359 2359 2359
  2359 2359 2359 2359 2359 2359 2359 2359 2359 2359 2359 2359 2359 2359
  2359 2359 2359 2359 2359 2359 2359 2359 2359 2359 2359 2359 2359 2359
  2359 2359 2359 2359 2359 2359 2359 2359 2359 2359 2359 2359 2359 2359
  2359 2359 2359 2359 2359 2359 2359 2359 2359 2359 2359 2359 2359 2359
  2359 2359 2359 2359 2359 2359 2359 2359 2359]
 [2359 2359 2359 2359 2359 2359 2359 2359 2359 2359 2359 2359 2359 2359
  2359 2359 2359 2359 2359 2359 2359 2359 2359 2359 2359 2359 2359 2359
  2359 2359 2359 2359 2359 2359 2359 2359 2359 2359 2359 2359 2359 2359
  2359 2359 2359 2359 2359 2359 2359 2359 2359 2359 2359 2359 2359 2359
  2359 2359 2359 2359 2359 2359 2359 2359 2359 2359 2359 2359 2359 2359
  2359 2359 2359 2359 2359 2359 2359 2359 2359]
 [2359 2359 2359 2359 2359 2359 2359 2359 2359 2359 2359 2359 2359 2359
  2359 2359 2359 2359 2359 2359 2359 2359 2359 2359 2359 2359 2359 2359
  2359 2359 2359 2359 2359 2359 2359 2359 2359 2359 2359 2359 2359 2359
  2359 2359 2359 2359 2359 2359 2359 2359 2359 2359 2359 2359 2359 2359
  2359 2359 2359 2359 2359 2359 2359 2359 2359 2359 2359 2359 2359 2359
  2359 2359 2359 2359 2359 2359 2359 2359 2359]]

[[2359 2359 2359 2359 2359 2359 2359 2359 2359 2359 2359 2359 2359 2359
  2359 2359 2359 2359 2359 2359 2359 2359 2359 2359 2359 2359 2359 2359
  2359 2359 2359 2359 2359 2359 2359 2359 2359 2359 2359 2359 2359 2359
  2359 2359 2359 2359 2359 2359 2359 2359 2359 2359 2359 2359 2359 2359
  2359 2359 2359 2359 2359 2359 2359 2359 2359 2359 2359 2359 2359 2359
  2359 2359 2359 2359 2359 2359 2359 2359 2359]
 [2359 2359 2359 2359 2359 2359 2359 2359 2359 2359 2359 2359 2359 2359
  2359 2359 2359 2359 2359 2359 2359 2359 2359 2359 2359 2359 2359 2359
  2359 2359 2359 2359 2359 2359 2359 2359 2359 2359 2359 2359 2359 2359
  2359 2359 2359 2359 2359 2359 2359 2359 2359 2359 2359 2359 2359 2359
  2359 2359 2359 2359 2359 2359 2359 2359 2359 2359 2359 2359 2359 2359
  2359 2359 2359 2359 2359 2359 2359 2359 2359]
 [2359 2359 2359 2359 2359 2359 2359 2359 2359 2359 2359 2359 2359 2359
  2359 2359 2359 2359 2359 2359 2359 2359 2359 2359 2359 2359 2359 2359
  2359 2359 2359 2359 2359 2359 2359 2359 2359 2359 2359 2359 2359 2359
  2359 2359 2359 2359 2359 2359 2359 2359 2359 2359 2359 2359 2359 2359
  2359 2359 2359 2359 2359 2359 2359 2359 2359 2359 2359 2359 2359 2359
  2359 2359 2359 2359 2359 2359 2359 2359 2359]
 [2359 2359 2359 2359 2359 2359 2359 2359 2359 2359 2359 2359 2359 2359
  2359 2359 2359 2359 2359 2359 2359 2359 2359 2359 2359 2359 2359 2359
  2359 2359 2359 2359 2359 2359 2359 2359 2359 2359 2359 2359 2359 2359
  2359 2359 2359 2359 2359 2359 2359 2359 2359 2359 2359 2359 2359 2359
  2359 2359 2359 2359 2359 2359 2359 2359 2359 2359 2359 2359 2359 2359
  2359 2359 2359 2359 2359 2359 2359 2359 2359]
 [2359 2359 2359 2359 2359 2359 2359 2359 2359 2359 2359 2359 2359 2359
  2359 2359 2359 2359 2359 2359 2359 2359 2359 2359 2359 2359 2359 2359
  2359 2359 2359 2359 2359 2359 2359 2359 2359 2359 2359 2359 2359 2359
  2359 2359 2359 2359 2359 2359 2359 2359 2359 2359 2359 2359 2359 2359
  2359 2359 2359 2359 2359 2359 2359 2359 2359 2359 2359 2359 2359 2359
  2359 2359 2359 2359 2359 2359 2359 2359 2359]
 [2359 2359 2359 2359 2359 2359 2359 2359 2359 2359 2359 2359 2359 2359
  2359 2359 2359 2359 2359 2359 2359 2359 2359 2359 2359 2359 2359 2359
  2359 2359 2359 2359 2359 2359 2359 2359 2359 2359 2359 2359 2359 2359
  2359 2359 2359 2359 2359 2359 2359 2359 2359 2359 2359 2359 2359 2359
  2359 2359 2359 2359 2359 2359 2359 2359 2359 2359 2359 2359 2359 2359
  2359 2359 2359 2359 2359 2359 2359 2359 2359]
 [2359 2359 2359 2359 2359 2359 2359 2359 2359 2359 2359 2359 2359 2359
  2359 2359 2359 2359 2359 2359 2359 2359 2359 2359 2359 2359 2359 2359
  2359 2359 2359 2359 2359 2359 2359 2359 2359 2359 2359 2359 2359 2359
  2359 2359 2359 2359 2359 2359 2359 2359 2359 2359 2359 2359 2359 2359
  2359 2359 2359 2359 2359 2359 2359 2359 2359 2359 2359 2359 2359 2359
  2359 2359 2359 2359 2359 2359 2359 2359 2359]
 [2359 2359 2359 2359 2359 2359 2359 2359 2359 2359 2359 2359 2359 2359
  2359 2359 2359 2359 2359 2359 2359 2359 2359 2359 2359 2359 2378 2378
  2378 2378 2378 2378 2378 2378 2378 2378 2378 2378 2378 2378 2359 2378
  2378 2378 2400 2359 2359 2359 2359 2359 2359 2359 2359 2359 2359 2359
  2359 2359 2359 2359 2359 2359 2359 2359 2359 2359 2359 2359 2359 2359
  2359 2359 2359 2359 2359 2359 2359 2359 2359]
 [2359 2359 2359 2359 2359 2359 2359 2359 2359 2359 2359 2359 2359 2359
  2359 2359 2359 2359 2359 2359 2359 2359 2359 2359 2359 2359 2359 2359
  2378 2378 2378 2378 2378 2378 2378 2378 2378 2378 2378 2378 2359 2378
  2378 2378 2400 2359 2359 2359 2359 2359 2359 2359 2359 2359 2359 2359
  2359 2359 2359 2359 2359 2359 2359 2359 2359 2359 2359 2359 2359 2359
  2359 2359 2359 2359 2359 2359 2359 2359 2359]
 [2359 2359 2359 2359 2359 2359 2359 2359 2359 2359 2359 2359 2359 2359
  2359 2359 2359 2359 2359 2359 2359 2359 2359 2359 2359 2359 2359 2359
  2359 2359 2359 2359 2378 2378 2378 2378 2378 2378 2378 2378 2353 2378
  2378 2378 2400 2359 2359 2359 2359 2359 2359 2359 2359 2359 2359 2359
  2359 2359 2359 2359 2359 2359 2359 2359 2359 2359 2359 2359 2359 2359
  2359 2359 2359 2359 2359 2359 2359 2359 2359]
 [2359 2359 2359 2359 2359 2359 2359 2359 2359 2359 2359 2359 2359 2359
  2359 2359 2359 2359 2359 2359 2359 2359 2359 2359 2359 2359 2359 2379
  2379 2379 2359 2353 2379 2359 2353 2378 2378 2378 2378 2378 2378 2378
  2378 2378 2400 2359 2359 2359 2359 2359 2359 2359 2359 2359 2359 2359
  2359 2359 2359 2359 2359 2359 2359 2359 2359 2359 2359 2359 2359 2359
  2359 2359 2359 2359 2359 2359 2359 2359 2359]
 [2359 2359 2359 2359 2359 2359 2359 2359 2359 2359 2359 2359 2359 2359
  2359 2359 2359 2359 2359 2359 2359 2359 2359 2359 2359 2359 2359 2359
  2359 2353 2378 2378 2378 2378 2378   87   87   13  235 2378  337 2378
  2353 2379 2400 2359 2359 2359 2359 2359 2359 2359 2359 2359 2359 2359
  2359 2359 2359 2359 2359 2359 2359 2359 2359 2359 2359 2359 2359 2359
  2359 2359 2359 2359 2359 2359 2359 2359 2359]
 [2359 2359 2359 2359 2359 2359 2359 2359 2359 2359 2359 2359 2359 2359
  2359 2359 2359 2359 2359 2359 2359 2359 2359 2359 2359 2359 2378 2378
  2378 2378 2378 2378 2378 2378 2378 2378 2378 2378 2378   13 2378 2382
  2378 2378 2400 2359 2359 2359 2359 2359 2359 2359 2359 2359 2359 2359
  2359 2359 2359 2359 2359 2359 2359 2359 2359 2359 2359 2359 2359 2359
  2359 2359 2359 2359 2359 2359 2359 2359 2359]
 [2359 2359 2359 2359 2359 2359 2359 2359 2359 2359 2359 2359 2359 2359
  2359 2359 2359 2359 2359 2359 2359 2359 2359 2359 2359 2359 2378 2378
  2378 2378 2378 2378 2378 2378 2378 2378 2378 2378 2378 2378 2378 2378
  2378 2378 2400 2359 2359 2359 2359 2359 2359 2359 2359 2359 2359 2359
  2359 2359 2359 2359 2359 2359 2359 2359 2359 2359 2359 2359 2359 2359
  2359 2359 2359 2359 2359 2359 2359 2359 2359]
 [2359 2359 2359 2359 2359 2359 2359 2359 2359 2359 2359 2359 2359 2359
  2359 2359 2359 2359 2359 2359 2359 2359 2359 2359 2359 2359 2359 2359
  2359 2359 2359 2359 2359 2359 2359 2359 2359 2359 2359 2359 2359 2359
  2359 2359 2359 2359 2359 2359 2359 2359 2359 2359 2359 2359 2359 2359
  2359 2359 2359 2359 2359 2359 2359 2359 2359 2359 2359 2359 2359 2359
  2359 2359 2359 2359 2359 2359 2359 2359 2359]
 [2359 2359 2359 2359 2359 2359 2359 2359 2359 2359 2359 2359 2359 2359
  2359 2359 2359 2359 2359 2359 2359 2359 2359 2359 2359 2359 2359 2359
  2359 2359 2359 2359 2359 2359 2359 2359 2359 2359 2359 2359 2359 2359
  2359 2359 2359 2359 2359 2359 2359 2359 2359 2359 2359 2359 2359 2359
  2359 2359 2359 2359 2359 2359 2359 2359 2359 2359 2359 2359 2359 2359
  2359 2359 2359 2359 2359 2359 2359 2359 2359]
 [2359 2359 2359 2359 2359 2359 2359 2359 2359 2359 2359 2359 2359 2359
  2359 2359 2359 2359 2359 2359 2359 2359 2359 2359 2359 2359 2359 2359
  2359 2359 2359 2359 2359 2359 2359 2359 2359 2359 2359 2359 2359 2359
  2359 2359 2359 2359 2359 2359 2359 2359 2359 2359 2359 2359 2359 2359
  2359 2359 2359 2359 2359 2359 2359 2359 2359 2359 2359 2359 2359 2359
  2359 2359 2359 2359 2359 2359 2359 2359 2359]
 [2359 2359 2359 2359 2359 2359 2359 2359 2359 2359 2359 2359 2359 2359
  2359 2359 2359 2359 2359 2359 2359 2359 2359 2359 2359 2359 2359 2359
  2359 2359 2359 2359 2359 2359 2359 2359 2359 2359 2359 2359 2359 2359
  2359 2359 2359 2359 2359 2359 2359 2359 2359 2359 2359 2359 2359 2359
  2359 2359 2359 2359 2359 2359 2359 2359 2359 2359 2359 2359 2359 2359
  2359 2359 2359 2359 2359 2359 2359 2359 2359]
 [2359 2359 2359 2359 2359 2359 2359 2359 2359 2359 2359 2359 2359 2359
  2359 2359 2359 2359 2359 2359 2359 2359 2359 2359 2359 2359 2359 2359
  2359 2359 2359 2359 2359 2359 2359 2359 2359 2359 2359 2359 2359 2359
  2359 2359 2359 2359 2359 2359 2359 2359 2359 2359 2359 2359 2359 2359
  2359 2359 2359 2359 2359 2359 2359 2359 2359 2359 2359 2359 2359 2359
  2359 2359 2359 2359 2359 2359 2359 2359 2359]
 [2359 2359 2359 2359 2359 2359 2359 2359 2359 2359 2359 2359 2359 2359
  2359 2359 2359 2359 2359 2359 2359 2359 2359 2359 2359 2359 2359 2359
  2359 2359 2359 2359 2359 2359 2359 2359 2359 2359 2359 2359 2359 2359
  2359 2359 2359 2359 2359 2359 2359 2359 2359 2359 2359 2359 2359 2359
  2359 2359 2359 2359 2359 2359 2359 2359 2359 2359 2359 2359 2359 2359
  2359 2359 2359 2359 2359 2359 2359 2359 2359]
 [2359 2359 2359 2359 2359 2359 2359 2359 2359 2359 2359 2359 2359 2359
  2359 2359 2359 2359 2359 2359 2359 2359 2359 2359 2359 2359 2359 2359
  2359 2359 2359 2359 2359 2359 2359 2359 2359 2359 2359 2359 2359 2359
  2359 2359 2359 2359 2359 2359 2359 2359 2359 2359 2359 2359 2359 2359
  2359 2359 2359 2359 2359 2359 2359 2359 2359 2359 2359 2359 2359 2359
  2359 2359 2359 2359 2359 2359 2359 2359 2359]]

[[2359 2359 2359 2359 2359 2359 2359 2359 2359 2359 2359 2359 2359 2359
  2359 2359 2359 2359 2359 2359 2359 2359 2359 2359 2359 2359 2359 2359
  2359 2359 2359 2359 2359 2359 2359 2359 2359 2359 2359 2359 2359 2359
  2359 2359 2359 2359 2359 2359 2359 2359 2359 2359 2359 2359 2359 2359
  2359 2359 2359 2359 2359 2359 2359 2359 2359 2359 2359 2359 2359 2359
  2359 2359 2359 2359 2359 2359 2359 2359 2359]
 [2359 2359 2359 2359 2359 2359 2359 2359 2359 2359 2359 2359 2359 2359
  2359 2359 2359 2359 2359 2359 2359 2359 2359 2359 2359 2359 2359 2359
  2359 2359 2359 2359 2359 2359 2359 2359 2359 2359 2359 2359 2359 2359
  2359 2359 2359 2359 2359 2359 2359 2359 2359 2359 2359 2359 2359 2359
  2359 2359 2359 2359 2359 2359 2359 2359 2359 2359 2359 2359 2359 2359
  2359 2359 2359 2359 2359 2359 2359 2359 2359]
 [2359 2359 2359 2359 2359 2359 2359 2359 2359 2359 2359 2359 2359 2359
  2359 2359 2359 2359 2359 2359 2359 2359 2359 2359 2359 2359 2359 2359
  2359 2359 2359 2359 2359 2359 2359 2359 2359 2359 2359 2359 2359 2359
  2359 2359 2359 2359 2359 2359 2359 2359 2359 2359 2359 2359 2359 2359
  2359 2359 2359 2359 2359 2359 2359 2359 2359 2359 2359 2359 2359 2359
  2359 2359 2359 2359 2359 2359 2359 2359 2359]
 [2359 2359 2359 2359 2359 2359 2359 2359 2359 2359 2359 2359 2359 2359
  2359 2359 2359 2359 2359 2359 2359 2359 2359 2359 2359 2359 2359 2359
  2359 2359 2359 2359 2359 2359 2359 2359 2359 2359 2359 2359 2359 2359
  2359 2359 2359 2359 2359 2359 2359 2359 2359 2359 2359 2359 2359 2359
  2359 2359 2359 2359 2359 2359 2359 2359 2359 2359 2359 2359 2359 2359
  2359 2359 2359 2359 2359 2359 2359 2359 2359]
 [2359 2359 2359 2359 2359 2359 2359 2359 2359 2359 2359 2359 2359 2359
  2359 2359 2359 2359 2359 2359 2359 2359 2359 2359 2359 2359 2359 2359
  2359 2359 2359 2359 2359 2359 2359 2359 2359 2359 2359 2359 2359 2359
  2359 2359 2359 2359 2359 2359 2359 2359 2359 2359 2359 2359 2359 2359
  2359 2359 2359 2359 2359 2359 2359 2359 2359 2359 2359 2359 2359 2359
  2359 2359 2359 2359 2359 2359 2359 2359 2359]
 [2359 2359 2359 2359 2359 2359 2359 2359 2359 2359 2359 2359 2359 2359
  2359 2359 2359 2359 2359 2359 2359 2359 2359 2359 2359 2359 2359 2359
  2359 2359 2359 2359 2359 2359 2359 2359 2359 2359 2359 2359 2359 2359
  2359 2359 2359 2359 2359 2359 2359 2359 2359 2359 2359 2359 2359 2359
  2359 2359 2359 2359 2359 2359 2359 2359 2359 2359 2359 2359 2359 2359
  2359 2359 2359 2359 2359 2359 2359 2359 2359]
 [2359 2359 2359 2359 2359 2359 2359 2359 2359 2359 2359 2359 2359 2359
  2359 2359 2359 2359 2359 2359 2359 2359 2359 2359 2359 2359 2359 2359
  2359 2359 2359 2359 2359 2359 2359 2359 2359 2359 2359 2359 2359 2359
  2359 2359 2359 2359 2359 2359 2359 2359 2359 2359 2359 2359 2359 2359
  2359 2359 2359 2359 2359 2359 2359 2359 2359 2359 2359 2359 2359 2359
  2359 2359 2359 2359 2359 2359 2359 2359 2359]
 [2359 2359 2359 2359 2359 2359 2359 2359 2359 2359 2359 2359 2359 2359
  2359 2359 2359 2359 2359 2359 2359 2359 2359 2359 2359 2359 2378 2378
  2378 2378 2378 2378 2378 2378 2378 2379 2379 2379 2379 2379 2378 2378
  2378 2378 2400 2359 2359 2359 2359 2359 2359 2359 2359 2359 2359 2359
  2359 2359 2359 2359 2359 2359 2359 2359 2359 2359 2359 2359 2359 2359
  2359 2359 2359 2359 2359 2359 2359 2359 2359]
 [2359 2359 2359 2359 2359 2359 2359 2359 2359 2359 2359 2359 2359 2359
  2359 2359 2359 2359 2359 2359 2359 2359 2359 2359 2359 2359 2378 2378
  2378 2378 2378 2378 2378 2378 2378 2378 2378 2379 2379 2379 2359 2378
  2378 2378 2400 2359 2359 2359 2359 2359 2359 2359 2359 2359 2359 2359
  2359 2359 2359 2359 2359 2359 2359 2359 2359 2359 2359 2359 2359 2359
  2359 2359 2359 2359 2359 2359 2359 2359 2359]
 [2359 2359 2359 2359 2359 2359 2359 2359 2359 2359 2359 2359 2359 2359
  2359 2359 2359 2359 2359 2359 2359 2359 2359 2359 2359 2359 2359 2378
  2378 2378 2378 2378 2378 2378 2378 2378 2378 2378 2378 2379 2353 2378
  2378 2378 2400 2359 2359 2359 2359 2359 2359 2359 2359 2359 2359 2359
  2359 2359 2359 2359 2359 2359 2359 2359 2359 2359 2359 2359 2359 2359
  2359 2359 2359 2359 2359 2359 2359 2359 2359]
 [2359 2359 2359 2359 2359 2359 2359 2359 2359 2359 2359 2359 2359 2359
  2359 2359 2359 2359 2359 2359 2359 2359 2359 2359 2359 2359 2359 2379
  2379 2379 2359 2353 2379 2359 2353 2378   87   87   13 2378 2378  337
  2378 2378 2400 2359 2359 2359 2359 2359 2359 2359 2359 2359 2359 2359
  2359 2359 2359 2359 2359 2359 2359 2359 2359 2359 2359 2359 2359 2359
  2359 2359 2359 2359 2359 2359 2359 2359 2359]
 [2359 2359 2359 2359 2359 2359 2359 2359 2359 2359 2359 2359 2359 2359
  2359 2359 2359 2359 2359 2359 2359 2359 2359 2359 2359 2359 2359 2359
  2359 2353 2378 2378 2378 2378 2378 2378 2378 2378  235 2378   13 2378
  2353 2379 2400 2359 2359 2359 2359 2359 2359 2359 2359 2359 2359 2359
  2359 2359 2359 2359 2359 2359 2359 2359 2359 2359 2359 2359 2359 2359
  2359 2359 2359 2359 2359 2359 2359 2359 2359]
 [2359 2359 2359 2359 2359 2359 2359 2359 2359 2359 2359 2359 2359 2359
  2359 2359 2359 2359 2359 2359 2359 2359 2359 2359 2359 2359 2378 2378
  2378 2378 2378 2378 2378 2378 2378 2378 2378 2378 2378 2378 2378 2382
  2379 2379 2400 2359 2359 2359 2359 2359 2359 2359 2359 2359 2359 2359
  2359 2359 2359 2359 2359 2359 2359 2359 2359 2359 2359 2359 2359 2359
  2359 2359 2359 2359 2359 2359 2359 2359 2359]
 [2359 2359 2359 2359 2359 2359 2359 2359 2359 2359 2359 2359 2359 2359
  2359 2359 2359 2359 2359 2359 2359 2359 2359 2359 2359 2359 2378 2378
  2378 2378 2378 2378 2378 2378 2378 2378 2378 2378 2378 2378 2378 2378
  2378 2379 2400 2359 2359 2359 2359 2359 2359 2359 2359 2359 2359 2359
  2359 2359 2359 2359 2359 2359 2359 2359 2359 2359 2359 2359 2359 2359
  2359 2359 2359 2359 2359 2359 2359 2359 2359]
 [2359 2359 2359 2359 2359 2359 2359 2359 2359 2359 2359 2359 2359 2359
  2359 2359 2359 2359 2359 2359 2359 2359 2359 2359 2359 2359 2359 2359
  2359 2359 2359 2359 2359 2359 2359 2359 2359 2359 2359 2359 2359 2359
  2359 2359 2359 2359 2359 2359 2359 2359 2359 2359 2359 2359 2359 2359
  2359 2359 2359 2359 2359 2359 2359 2359 2359 2359 2359 2359 2359 2359
  2359 2359 2359 2359 2359 2359 2359 2359 2359]
 [2359 2359 2359 2359 2359 2359 2359 2359 2359 2359 2359 2359 2359 2359
  2359 2359 2359 2359 2359 2359 2359 2359 2359 2359 2359 2359 2359 2359
  2359 2359 2359 2359 2359 2359 2359 2359 2359 2359 2359 2359 2359 2359
  2359 2359 2359 2359 2359 2359 2359 2359 2359 2359 2359 2359 2359 2359
  2359 2359 2359 2359 2359 2359 2359 2359 2359 2359 2359 2359 2359 2359
  2359 2359 2359 2359 2359 2359 2359 2359 2359]
 [2359 2359 2359 2359 2359 2359 2359 2359 2359 2359 2359 2359 2359 2359
  2359 2359 2359 2359 2359 2359 2359 2359 2359 2359 2359 2359 2359 2359
  2359 2359 2359 2359 2359 2359 2359 2359 2359 2359 2359 2359 2359 2359
  2359 2359 2359 2359 2359 2359 2359 2359 2359 2359 2359 2359 2359 2359
  2359 2359 2359 2359 2359 2359 2359 2359 2359 2359 2359 2359 2359 2359
  2359 2359 2359 2359 2359 2359 2359 2359 2359]
 [2359 2359 2359 2359 2359 2359 2359 2359 2359 2359 2359 2359 2359 2359
  2359 2359 2359 2359 2359 2359 2359 2359 2359 2359 2359 2359 2359 2359
  2359 2359 2359 2359 2359 2359 2359 2359 2359 2359 2359 2359 2359 2359
  2359 2359 2359 2359 2359 2359 2359 2359 2359 2359 2359 2359 2359 2359
  2359 2359 2359 2359 2359 2359 2359 2359 2359 2359 2359 2359 2359 2359
  2359 2359 2359 2359 2359 2359 2359 2359 2359]
 [2359 2359 2359 2359 2359 2359 2359 2359 2359 2359 2359 2359 2359 2359
  2359 2359 2359 2359 2359 2359 2359 2359 2359 2359 2359 2359 2359 2359
  2359 2359 2359 2359 2359 2359 2359 2359 2359 2359 2359 2359 2359 2359
  2359 2359 2359 2359 2359 2359 2359 2359 2359 2359 2359 2359 2359 2359
  2359 2359 2359 2359 2359 2359 2359 2359 2359 2359 2359 2359 2359 2359
  2359 2359 2359 2359 2359 2359 2359 2359 2359]
 [2359 2359 2359 2359 2359 2359 2359 2359 2359 2359 2359 2359 2359 2359
  2359 2359 2359 2359 2359 2359 2359 2359 2359 2359 2359 2359 2359 2359
  2359 2359 2359 2359 2359 2359 2359 2359 2359 2359 2359 2359 2359 2359
  2359 2359 2359 2359 2359 2359 2359 2359 2359 2359 2359 2359 2359 2359
  2359 2359 2359 2359 2359 2359 2359 2359 2359 2359 2359 2359 2359 2359
  2359 2359 2359 2359 2359 2359 2359 2359 2359]
 [2359 2359 2359 2359 2359 2359 2359 2359 2359 2359 2359 2359 2359 2359
  2359 2359 2359 2359 2359 2359 2359 2359 2359 2359 2359 2359 2359 2359
  2359 2359 2359 2359 2359 2359 2359 2359 2359 2359 2359 2359 2359 2359
  2359 2359 2359 2359 2359 2359 2359 2359 2359 2359 2359 2359 2359 2359
  2359 2359 2359 2359 2359 2359 2359 2359 2359 2359 2359 2359 2359 2359
  2359 2359 2359 2359 2359 2359 2359 2359 2359]]

[[2359 2359 2359 2359 2359 2359 2359 2359 2359 2359 2359 2359 2359 2359
  2359 2359 2359 2359 2359 2359 2359 2359 2359 2359 2359 2359 2359 2359
  2359 2359 2359 2359 2359 2359 2359 2359 2359 2359 2359 2359 2359 2359
  2359 2359 2359 2359 2359 2359 2359 2359 2359 2359 2359 2359 2359 2359
  2359 2359 2359 2359 2359 2359 2359 2359 2359 2359 2359 2359 2359 2359
  2359 2359 2359 2359 2359 2359 2359 2359 2359]
 [2359 2359 2359 2359 2359 2359 2359 2359 2359 2359 2359 2359 2359 2359
  2359 2359 2359 2359 2359 2359 2359 2359 2359 2359 2359 2359 2359 2359
  2359 2359 2359 2359 2359 2359 2359 2359 2359 2359 2359 2359 2359 2359
  2359 2359 2359 2359 2359 2359 2359 2359 2359 2359 2359 2359 2359 2359
  2359 2359 2359 2359 2359 2359 2359 2359 2359 2359 2359 2359 2359 2359
  2359 2359 2359 2359 2359 2359 2359 2359 2359]
 [2359 2359 2359 2359 2359 2359 2359 2359 2359 2359 2359 2359 2359 2359
  2359 2359 2359 2359 2359 2359 2359 2359 2359 2359 2359 2359 2359 2359
  2359 2359 2359 2359 2359 2359 2359 2359 2359 2359 2359 2359 2359 2359
  2359 2359 2359 2359 2359 2359 2359 2359 2359 2359 2359 2359 2359 2359
  2359 2359 2359 2359 2359 2359 2359 2359 2359 2359 2359 2359 2359 2359
  2359 2359 2359 2359 2359 2359 2359 2359 2359]
 [2359 2359 2359 2359 2359 2359 2359 2359 2359 2359 2359 2359 2359 2359
  2359 2359 2359 2359 2359 2359 2359 2359 2359 2359 2359 2359 2359 2359
  2359 2359 2359 2359 2359 2359 2359 2359 2359 2359 2359 2359 2359 2359
  2359 2359 2359 2359 2359 2359 2359 2359 2359 2359 2359 2359 2359 2359
  2359 2359 2359 2359 2359 2359 2359 2359 2359 2359 2359 2359 2359 2359
  2359 2359 2359 2359 2359 2359 2359 2359 2359]
 [2359 2359 2359 2359 2359 2359 2359 2359 2359 2359 2359 2359 2359 2359
  2359 2359 2359 2359 2359 2359 2359 2359 2359 2359 2359 2359 2359 2359
  2359 2359 2359 2359 2359 2359 2359 2359 2359 2359 2359 2359 2359 2359
  2359 2359 2359 2359 2359 2359 2359 2359 2359 2359 2359 2359 2359 2359
  2359 2359 2359 2359 2359 2359 2359 2359 2359 2359 2359 2359 2359 2359
  2359 2359 2359 2359 2359 2359 2359 2359 2359]
 [2359 2359 2359 2359 2359 2359 2359 2359 2359 2359 2359 2359 2359 2359
  2359 2359 2359 2359 2359 2359 2359 2359 2359 2359 2359 2359 2359 2359
  2359 2359 2359 2359 2359 2359 2359 2359 2359 2359 2359 2359 2359 2359
  2359 2359 2359 2359 2359 2359 2359 2359 2359 2359 2359 2359 2359 2359
  2359 2359 2359 2359 2359 2359 2359 2359 2359 2359 2359 2359 2359 2359
  2359 2359 2359 2359 2359 2359 2359 2359 2359]
 [2359 2359 2359 2359 2359 2359 2359 2359 2359 2359 2359 2359 2359 2359
  2359 2359 2359 2359 2359 2359 2359 2359 2359 2359 2359 2359 2359 2359
  2359 2359 2359 2359 2359 2359 2359 2359 2359 2359 2359 2359 2359 2359
  2359 2359 2359 2359 2359 2359 2359 2359 2359 2359 2359 2359 2359 2359
  2359 2359 2359 2359 2359 2359 2359 2359 2359 2359 2359 2359 2359 2359
  2359 2359 2359 2359 2359 2359 2359 2359 2359]
 [2359 2359 2359 2359 2359 2359 2359 2359 2359 2359 2359 2359 2359 2359
  2359 2359 2359 2359 2359 2359 2359 2359 2359 2359 2359 2359 2378 2378
  2378 2378 2378 2378 2378 2378 2378 2378 2378 2378 2378 2379 2379 2379
  2378 2378 2400 2359 2359 2359 2359 2359 2359 2359 2359 2359 2359 2359
  2359 2359 2359 2359 2359 2359 2359 2359 2359 2359 2359 2359 2359 2359
  2359 2359 2359 2359 2359 2359 2359 2359 2359]
 [2359 2359 2359 2359 2359 2359 2359 2359 2359 2359 2359 2359 2359 2359
  2359 2359 2359 2359 2359 2359 2359 2359 2359 2359 2359 2359 2378 2378
  2378 2378 2378 2378 2378 2378 2378 2378 2378 2378 2378 2378 2359 2378
  2378 2378 2400 2359 2359 2359 2359 2359 2359 2359 2359 2359 2359 2359
  2359 2359 2359 2359 2359 2359 2359 2359 2359 2359 2359 2359 2359 2359
  2359 2359 2359 2359 2359 2359 2359 2359 2359]
 [2359 2359 2359 2359 2359 2359 2359 2359 2359 2359 2359 2359 2359 2359
  2359 2359 2359 2359 2359 2359 2359 2359 2359 2359 2359 2359 2359 2379
  2378 2378 2378 2378 2378 2378 2378 2378 2378 2378   87   13 2353 2378
  2378 2378 2400 2359 2359 2359 2359 2359 2359 2359 2359 2359 2359 2359
  2359 2359 2359 2359 2359 2359 2359 2359 2359 2359 2359 2359 2359 2359
  2359 2359 2359 2359 2359 2359 2359 2359 2359]
 [2359 2359 2359 2359 2359 2359 2359 2359 2359 2359 2359 2359 2359 2359
  2359 2359 2359 2359 2359 2359 2359 2359 2359 2359 2359 2359 2359 2379
  2379 2379 2359 2353 2379 2359 2353 2378 2378   87 2378  235  337 2378
  2378 2378 2400 2359 2359 2359 2359 2359 2359 2359 2359 2359 2359 2359
  2359 2359 2359 2359 2359 2359 2359 2359 2359 2359 2359 2359 2359 2359
  2359 2359 2359 2359 2359 2359 2359 2359 2359]
 [2359 2359 2359 2359 2359 2359 2359 2359 2359 2359 2359 2359 2359 2359
  2359 2359 2359 2359 2359 2359 2359 2359 2359 2359 2359 2359 2359 2359
  2359 2353 2378 2378 2378 2378 2378 2378 2378 2378 2378 2378   13 2378
  2353 2379 2400 2359 2359 2359 2359 2359 2359 2359 2359 2359 2359 2359
  2359 2359 2359 2359 2359 2359 2359 2359 2359 2359 2359 2359 2359 2359
  2359 2359 2359 2359 2359 2359 2359 2359 2359]
 [2359 2359 2359 2359 2359 2359 2359 2359 2359 2359 2359 2359 2359 2359
  2359 2359 2359 2359 2359 2359 2359 2359 2359 2359 2359 2359 2378 2378
  2378 2378 2378 2378 2378 2378 2378 2378 2378 2378 2378 2378 2378 2382
  2378 2379 2400 2359 2359 2359 2359 2359 2359 2359 2359 2359 2359 2359
  2359 2359 2359 2359 2359 2359 2359 2359 2359 2359 2359 2359 2359 2359
  2359 2359 2359 2359 2359 2359 2359 2359 2359]
 [2359 2359 2359 2359 2359 2359 2359 2359 2359 2359 2359 2359 2359 2359
  2359 2359 2359 2359 2359 2359 2359 2359 2359 2359 2359 2359 2378 2378
  2378 2378 2378 2378 2378 2378 2378 2378 2378 2378 2378 2378 2378 2378
  2378 2378 2400 2359 2359 2359 2359 2359 2359 2359 2359 2359 2359 2359
  2359 2359 2359 2359 2359 2359 2359 2359 2359 2359 2359 2359 2359 2359
  2359 2359 2359 2359 2359 2359 2359 2359 2359]
 [2359 2359 2359 2359 2359 2359 2359 2359 2359 2359 2359 2359 2359 2359
  2359 2359 2359 2359 2359 2359 2359 2359 2359 2359 2359 2359 2359 2359
  2359 2359 2359 2359 2359 2359 2359 2359 2359 2359 2359 2359 2359 2359
  2359 2359 2359 2359 2359 2359 2359 2359 2359 2359 2359 2359 2359 2359
  2359 2359 2359 2359 2359 2359 2359 2359 2359 2359 2359 2359 2359 2359
  2359 2359 2359 2359 2359 2359 2359 2359 2359]
 [2359 2359 2359 2359 2359 2359 2359 2359 2359 2359 2359 2359 2359 2359
  2359 2359 2359 2359 2359 2359 2359 2359 2359 2359 2359 2359 2359 2359
  2359 2359 2359 2359 2359 2359 2359 2359 2359 2359 2359 2359 2359 2359
  2359 2359 2359 2359 2359 2359 2359 2359 2359 2359 2359 2359 2359 2359
  2359 2359 2359 2359 2359 2359 2359 2359 2359 2359 2359 2359 2359 2359
  2359 2359 2359 2359 2359 2359 2359 2359 2359]
 [2359 2359 2359 2359 2359 2359 2359 2359 2359 2359 2359 2359 2359 2359
  2359 2359 2359 2359 2359 2359 2359 2359 2359 2359 2359 2359 2359 2359
  2359 2359 2359 2359 2359 2359 2359 2359 2359 2359 2359 2359 2359 2359
  2359 2359 2359 2359 2359 2359 2359 2359 2359 2359 2359 2359 2359 2359
  2359 2359 2359 2359 2359 2359 2359 2359 2359 2359 2359 2359 2359 2359
  2359 2359 2359 2359 2359 2359 2359 2359 2359]
 [2359 2359 2359 2359 2359 2359 2359 2359 2359 2359 2359 2359 2359 2359
  2359 2359 2359 2359 2359 2359 2359 2359 2359 2359 2359 2359 2359 2359
  2359 2359 2359 2359 2359 2359 2359 2359 2359 2359 2359 2359 2359 2359
  2359 2359 2359 2359 2359 2359 2359 2359 2359 2359 2359 2359 2359 2359
  2359 2359 2359 2359 2359 2359 2359 2359 2359 2359 2359 2359 2359 2359
  2359 2359 2359 2359 2359 2359 2359 2359 2359]
 [2359 2359 2359 2359 2359 2359 2359 2359 2359 2359 2359 2359 2359 2359
  2359 2359 2359 2359 2359 2359 2359 2359 2359 2359 2359 2359 2359 2359
  2359 2359 2359 2359 2359 2359 2359 2359 2359 2359 2359 2359 2359 2359
  2359 2359 2359 2359 2359 2359 2359 2359 2359 2359 2359 2359 2359 2359
  2359 2359 2359 2359 2359 2359 2359 2359 2359 2359 2359 2359 2359 2359
  2359 2359 2359 2359 2359 2359 2359 2359 2359]
 [2359 2359 2359 2359 2359 2359 2359 2359 2359 2359 2359 2359 2359 2359
  2359 2359 2359 2359 2359 2359 2359 2359 2359 2359 2359 2359 2359 2359
  2359 2359 2359 2359 2359 2359 2359 2359 2359 2359 2359 2359 2359 2359
  2359 2359 2359 2359 2359 2359 2359 2359 2359 2359 2359 2359 2359 2359
  2359 2359 2359 2359 2359 2359 2359 2359 2359 2359 2359 2359 2359 2359
  2359 2359 2359 2359 2359 2359 2359 2359 2359]
 [2359 2359 2359 2359 2359 2359 2359 2359 2359 2359 2359 2359 2359 2359
  2359 2359 2359 2359 2359 2359 2359 2359 2359 2359 2359 2359 2359 2359
  2359 2359 2359 2359 2359 2359 2359 2359 2359 2359 2359 2359 2359 2359
  2359 2359 2359 2359 2359 2359 2359 2359 2359 2359 2359 2359 2359 2359
  2359 2359 2359 2359 2359 2359 2359 2359 2359 2359 2359 2359 2359 2359
  2359 2359 2359 2359 2359 2359 2359 2359 2359]]

[[2359 2359 2359 2359 2359 2359 2359 2359 2359 2359 2359 2359 2359 2359
  2359 2359 2359 2359 2359 2359 2359 2359 2359 2359 2359 2359 2359 2359
  2359 2359 2359 2359 2359 2359 2359 2359 2359 2359 2359 2359 2359 2359
  2359 2359 2359 2359 2359 2359 2359 2359 2359 2359 2359 2359 2359 2359
  2359 2359 2359 2359 2359 2359 2359 2359 2359 2359 2359 2359 2359 2359
  2359 2359 2359 2359 2359 2359 2359 2359 2359]
 [2359 2359 2359 2359 2359 2359 2359 2359 2359 2359 2359 2359 2359 2359
  2359 2359 2359 2359 2359 2359 2359 2359 2359 2359 2359 2359 2359 2359
  2359 2359 2359 2359 2359 2359 2359 2359 2359 2359 2359 2359 2359 2359
  2359 2359 2359 2359 2359 2359 2359 2359 2359 2359 2359 2359 2359 2359
  2359 2359 2359 2359 2359 2359 2359 2359 2359 2359 2359 2359 2359 2359
  2359 2359 2359 2359 2359 2359 2359 2359 2359]
 [2359 2359 2359 2359 2359 2359 2359 2359 2359 2359 2359 2359 2359 2359
  2359 2359 2359 2359 2359 2359 2359 2359 2359 2359 2359 2359 2359 2359
  2359 2359 2359 2359 2359 2359 2359 2359 2359 2359 2359 2359 2359 2359
  2359 2359 2359 2359 2359 2359 2359 2359 2359 2359 2359 2359 2359 2359
  2359 2359 2359 2359 2359 2359 2359 2359 2359 2359 2359 2359 2359 2359
  2359 2359 2359 2359 2359 2359 2359 2359 2359]
 [2359 2359 2359 2359 2359 2359 2359 2359 2359 2359 2359 2359 2359 2359
  2359 2359 2359 2359 2359 2359 2359 2359 2359 2359 2359 2359 2359 2359
  2359 2359 2359 2359 2359 2359 2359 2359 2359 2359 2359 2359 2359 2359
  2359 2359 2359 2359 2359 2359 2359 2359 2359 2359 2359 2359 2359 2359
  2359 2359 2359 2359 2359 2359 2359 2359 2359 2359 2359 2359 2359 2359
  2359 2359 2359 2359 2359 2359 2359 2359 2359]
 [2359 2359 2359 2359 2359 2359 2359 2359 2359 2359 2359 2359 2359 2359
  2359 2359 2359 2359 2359 2359 2359 2359 2359 2359 2359 2359 2359 2359
  2359 2359 2359 2359 2359 2359 2359 2359 2359 2359 2359 2359 2359 2359
  2359 2359 2359 2359 2359 2359 2359 2359 2359 2359 2359 2359 2359 2359
  2359 2359 2359 2359 2359 2359 2359 2359 2359 2359 2359 2359 2359 2359
  2359 2359 2359 2359 2359 2359 2359 2359 2359]
 [2359 2359 2359 2359 2359 2359 2359 2359 2359 2359 2359 2359 2359 2359
  2359 2359 2359 2359 2359 2359 2359 2359 2359 2359 2359 2359 2359 2359
  2359 2359 2359 2359 2359 2359 2359 2359 2359 2359 2359 2359 2359 2359
  2359 2359 2359 2359 2359 2359 2359 2359 2359 2359 2359 2359 2359 2359
  2359 2359 2359 2359 2359 2359 2359 2359 2359 2359 2359 2359 2359 2359
  2359 2359 2359 2359 2359 2359 2359 2359 2359]
 [2359 2359 2359 2359 2359 2359 2359 2359 2359 2359 2359 2359 2359 2359
  2359 2359 2359 2359 2359 2359 2359 2359 2359 2359 2359 2359 2359 2359
  2359 2359 2359 2359 2359 2359 2359 2359 2359 2359 2359 2359 2359 2359
  2359 2359 2359 2359 2359 2359 2359 2359 2359 2359 2359 2359 2359 2359
  2359 2359 2359 2359 2359 2359 2359 2359 2359 2359 2359 2359 2359 2359
  2359 2359 2359 2359 2359 2359 2359 2359 2359]
 [2359 2359 2359 2359 2359 2359 2359 2359 2359 2359 2359 2359 2359 2359
  2359 2359 2359 2359 2359 2359 2359 2359 2359 2359 2359 2359 2378 2378
  2378 2378 2378 2378 2378 2378 2378 2379 2379 2379 2379 2379 2378 2378
  2378 2378 2400 2359 2359 2359 2359 2359 2359 2359 2359 2359 2359 2359
  2359 2359 2359 2359 2359 2359 2359 2359 2359 2359 2359 2359 2359 2359
  2359 2359 2359 2359 2359 2359 2359 2359 2359]
 [2359 2359 2359 2359 2359 2359 2359 2359 2359 2359 2359 2359 2359 2359
  2359 2359 2359 2359 2359 2359 2359 2359 2359 2359 2359 2359 2378 2378
  2378 2378 2378 2378 2378 2378 2378 2378 2378 2379 2379 2379 2359 2378
  2378 2378 2400 2359 2359 2359 2359 2359 2359 2359 2359 2359 2359 2359
  2359 2359 2359 2359 2359 2359 2359 2359 2359 2359 2359 2359 2359 2359
  2359 2359 2359 2359 2359 2359 2359 2359 2359]
 [2359 2359 2359 2359 2359 2359 2359 2359 2359 2359 2359 2359 2359 2359
  2359 2359 2359 2359 2359 2359 2359 2359 2359 2359 2359 2359 2359 2378
  2378 2378 2378 2378 2378 2378 2378 2378 2378 2378 2378 2379 2353   13
  2378 2378 2400 2359 2359 2359 2359 2359 2359 2359 2359 2359 2359 2359
  2359 2359 2359 2359 2359 2359 2359 2359 2359 2359 2359 2359 2359 2359
  2359 2359 2359 2359 2359 2359 2359 2359 2359]
 [2359 2359 2359 2359 2359 2359 2359 2359 2359 2359 2359 2359 2359 2359
  2359 2359 2359 2359 2359 2359 2359 2359 2359 2359 2359 2359 2359 2379
  2379 2379 2359 2353 2379 2359 2353 2378 2378 2378   87   87  235  337
  2378 2378 2400 2359 2359 2359 2359 2359 2359 2359 2359 2359 2359 2359
  2359 2359 2359 2359 2359 2359 2359 2359 2359 2359 2359 2359 2359 2359
  2359 2359 2359 2359 2359 2359 2359 2359 2359]
 [2359 2359 2359 2359 2359 2359 2359 2359 2359 2359 2359 2359 2359 2359
  2359 2359 2359 2359 2359 2359 2359 2359 2359 2359 2359 2359 2359 2359
  2359 2353 2378 2378 2378 2378 2378 2378 2378 2378 2378 2378   13 2378
  2353 2379 2400 2359 2359 2359 2359 2359 2359 2359 2359 2359 2359 2359
  2359 2359 2359 2359 2359 2359 2359 2359 2359 2359 2359 2359 2359 2359
  2359 2359 2359 2359 2359 2359 2359 2359 2359]
 [2359 2359 2359 2359 2359 2359 2359 2359 2359 2359 2359 2359 2359 2359
  2359 2359 2359 2359 2359 2359 2359 2359 2359 2359 2359 2359 2378 2378
  2378 2378 2378 2378 2378 2378 2378 2378 2378 2378 2378 2378 2378 2382
  2379 2379 2400 2359 2359 2359 2359 2359 2359 2359 2359 2359 2359 2359
  2359 2359 2359 2359 2359 2359 2359 2359 2359 2359 2359 2359 2359 2359
  2359 2359 2359 2359 2359 2359 2359 2359 2359]
 [2359 2359 2359 2359 2359 2359 2359 2359 2359 2359 2359 2359 2359 2359
  2359 2359 2359 2359 2359 2359 2359 2359 2359 2359 2359 2359 2378 2378
  2378 2378 2378 2378 2378 2378 2378 2378 2378 2378 2378 2378 2378 2378
  2378 2379 2400 2359 2359 2359 2359 2359 2359 2359 2359 2359 2359 2359
  2359 2359 2359 2359 2359 2359 2359 2359 2359 2359 2359 2359 2359 2359
  2359 2359 2359 2359 2359 2359 2359 2359 2359]
 [2359 2359 2359 2359 2359 2359 2359 2359 2359 2359 2359 2359 2359 2359
  2359 2359 2359 2359 2359 2359 2359 2359 2359 2359 2359 2359 2359 2359
  2359 2359 2359 2359 2359 2359 2359 2359 2359 2359 2359 2359 2359 2359
  2359 2359 2359 2359 2359 2359 2359 2359 2359 2359 2359 2359 2359 2359
  2359 2359 2359 2359 2359 2359 2359 2359 2359 2359 2359 2359 2359 2359
  2359 2359 2359 2359 2359 2359 2359 2359 2359]
 [2359 2359 2359 2359 2359 2359 2359 2359 2359 2359 2359 2359 2359 2359
  2359 2359 2359 2359 2359 2359 2359 2359 2359 2359 2359 2359 2359 2359
  2359 2359 2359 2359 2359 2359 2359 2359 2359 2359 2359 2359 2359 2359
  2359 2359 2359 2359 2359 2359 2359 2359 2359 2359 2359 2359 2359 2359
  2359 2359 2359 2359 2359 2359 2359 2359 2359 2359 2359 2359 2359 2359
  2359 2359 2359 2359 2359 2359 2359 2359 2359]
 [2359 2359 2359 2359 2359 2359 2359 2359 2359 2359 2359 2359 2359 2359
  2359 2359 2359 2359 2359 2359 2359 2359 2359 2359 2359 2359 2359 2359
  2359 2359 2359 2359 2359 2359 2359 2359 2359 2359 2359 2359 2359 2359
  2359 2359 2359 2359 2359 2359 2359 2359 2359 2359 2359 2359 2359 2359
  2359 2359 2359 2359 2359 2359 2359 2359 2359 2359 2359 2359 2359 2359
  2359 2359 2359 2359 2359 2359 2359 2359 2359]
 [2359 2359 2359 2359 2359 2359 2359 2359 2359 2359 2359 2359 2359 2359
  2359 2359 2359 2359 2359 2359 2359 2359 2359 2359 2359 2359 2359 2359
  2359 2359 2359 2359 2359 2359 2359 2359 2359 2359 2359 2359 2359 2359
  2359 2359 2359 2359 2359 2359 2359 2359 2359 2359 2359 2359 2359 2359
  2359 2359 2359 2359 2359 2359 2359 2359 2359 2359 2359 2359 2359 2359
  2359 2359 2359 2359 2359 2359 2359 2359 2359]
 [2359 2359 2359 2359 2359 2359 2359 2359 2359 2359 2359 2359 2359 2359
  2359 2359 2359 2359 2359 2359 2359 2359 2359 2359 2359 2359 2359 2359
  2359 2359 2359 2359 2359 2359 2359 2359 2359 2359 2359 2359 2359 2359
  2359 2359 2359 2359 2359 2359 2359 2359 2359 2359 2359 2359 2359 2359
  2359 2359 2359 2359 2359 2359 2359 2359 2359 2359 2359 2359 2359 2359
  2359 2359 2359 2359 2359 2359 2359 2359 2359]
 [2359 2359 2359 2359 2359 2359 2359 2359 2359 2359 2359 2359 2359 2359
  2359 2359 2359 2359 2359 2359 2359 2359 2359 2359 2359 2359 2359 2359
  2359 2359 2359 2359 2359 2359 2359 2359 2359 2359 2359 2359 2359 2359
  2359 2359 2359 2359 2359 2359 2359 2359 2359 2359 2359 2359 2359 2359
  2359 2359 2359 2359 2359 2359 2359 2359 2359 2359 2359 2359 2359 2359
  2359 2359 2359 2359 2359 2359 2359 2359 2359]
 [2359 2359 2359 2359 2359 2359 2359 2359 2359 2359 2359 2359 2359 2359
  2359 2359 2359 2359 2359 2359 2359 2359 2359 2359 2359 2359 2359 2359
  2359 2359 2359 2359 2359 2359 2359 2359 2359 2359 2359 2359 2359 2359
  2359 2359 2359 2359 2359 2359 2359 2359 2359 2359 2359 2359 2359 2359
  2359 2359 2359 2359 2359 2359 2359 2359 2359 2359 2359 2359 2359 2359
  2359 2359 2359 2359 2359 2359 2359 2359 2359]]

